10
30
9261291575944806230
8822521652455269296975335697
679112735588135326532707242852
8
520395946979413087479105501902
442568604585111318799
4561854066601200545
376507
18489943727905
4801857
3138658
4664870154066749552621
7355125584342
8
6154740697050297
8289839283699162
22250321143010748844782043170
1481184495848045655292032
45591259370919716
8029573615031908
1233723733679301729
65717246256472854
2060775712108755057639
861466892884
395616
554451144
6688066168944
734840858295529277
771442043
927267996470626020718781145
2
599018206394864682622633
54680191292044
67
632717521
740075633436648
481391910006220982
895841409807988591412630972856
8761377377
87342388624125
35424710040799445371
395012239115751464
5431505
45119180224
979767013
26839
97562791003229
38455168607410465124593
2523038
542758510461728232683264709
67661858820068232265
9598338
3782365314336416858235872
4526163187762006580748240598
27289
5743633453419416010
9751380681609247591127433
4391938664472408513
68
2
40
4349853
3337794966018348142382186506
741698614570700049401
75093510
16825608
47337363403
16397668
742260078158605961684390687
271016
4647674634253313963233100
90094078968321866319
5695158
9745069039017561527869
25866349
8334946566854469968
67425289677023649315193569
87502266784863898352205026
622470194371357143131405
729582416108403876
8561
96146839026941214498648603162
7008688089240774038145641
34628320388108235224828734210
10982936967707840394778744
2545744675934804002425
34352995859546
837
92218410837401785673644
6061535679753074340689637
760501764312991867843385
94
81127379
25807
1
39439862914771104487393852044
7820111940209931087070
9165129360
3398350759700907180011982197
25754701776868979889810900411
53800470769558
12
75346
5746740074204
11048864348911473969533
124838271
603846246552501
687483623135
303431015472
773214380139
229133360892069792986390693
626845280562665646338
14837
1065226
4
90627363119575189529816332957
18722479
129624906
754618969756355
7
39799739
25671027500516401259737628
919994566
5330384
245
44353191903092550
8168396732498631174206
4
5627190241026
36300408031
73935509410464766686
284
1
52813796943643083748626213471
15
8226355436972503352
7822155728
700768521
4849092632114349043122
72127448724633
66
2098
500334779983627722187718542
7045360638329456
850761632
29664
7241204068
158
2
7914578187064916
5
2856
163313448751
3814894735818094807651
3738490720889938486598738924
935274
