5000
544
81
4999
533
1754
3536
4999
3303
4999
1446
4999
2508
4999
207
825
4170
4999
1978
4999
1818
4999
2886
4999
2820
4999
4406
4999
2019
4999
827
4999
3003
4999
3679
991
4871
48
3884
4999
904
4999
2685
4999
4073
4999
3615
4999
1987
4999
1061
4999
4781
4999
4
4725
3578
4999
2831
4999
614
739
4922
225
3945
3590
330
4999
4257
4999
2248
4999
3625
4999
2422
4999
4340
4999
109
4041
1912
4999
4486
4999
4590
4427
602
4999
4871
641
2850
4995
326
4999
696
4999
3904
4999
3693
4999
1767
4999
305
4999
2648
4999
704
4999
1261
4999
2730
4999
4574
4999
163
4986
3509
4914
4492
2415
3452
4999
474
4999
3270
4999
1880
4999
3732
4999
134
4999
4517
28
1754
4999
2168
767
412
4999
1462
4999
42
4999
1620
4999
138
4064
2678
4999
689
4999
2420
4999
157
4999
4664
4999
4441
4999
3984
4999
1349
4999
2630
4999
4303
4999
2379
4999
2698
4999
4382
4999
4047
4999
4356
4999
1186
4999
158
4999
1359
4999
2698
4999
3483
4906
4568
1036
3644
4999
1651
4935
2869
4999
1561
4999
3722
4999
4778
4173
1442
4999
507
4999
4917
4999
2105
4999
4772
4999
195
4999
4575
4999
4216
4999
4151
4999
4729
4999
370
4999
3509
4999
433
4999
2806
4999
4182
4999
3326
4999
1033
4999
1124
4999
409
4999
4433
4999
2913
4999
2413
4999
2864
4999
4413
4999
3340
4999
2082
4999
1558
2985
619
4999
624
4999
992
1841
4447
4999
2482
4999
1766
4999
2537
4999
47
4999
1825
4999
2629
4999
3894
4999
4243
4999
190
1434
2859
310
1360
4999
2822
4163
3230
4430
4860
4999
4347
4999
4900
4915
1507
4999
4712
4999
3405
4999
555
4999
4878
4999
959
4999
3379
4999
3429
-1
1798
4999
2762
4999
4689
4999
3103
4999
3091
4999
1267
4999
3613
4999
1795
4999
244
4999
1507
4999
558
4999
1159
4999
946
4999
867
4999
1132
4999
2550
4999
2385
822
3575
4999
1021
4999
3724
4999
3210
4999
2015
23
2968
4999
4865
4999
1740
4999
4200
4999
4200
4999
4991
4999
3487
4999
80
4938
2444
4999
2986
4999
1540
4999
4714
4999
4095
4999
1609
4999
2924
4999
4480
4999
4566
4999
3607
4999
1550
4999
2387
4999
2580
4999
3509
4999
433
4999
493
4999
3663
4999
3731
4999
2982
3641
4076
4769
4303
1892
2732
4999
4170
4999
430
4999
3276
4999
4236
4999
941
4999
360
4999
1382
4914
4209
4999
2164
4999
4130
4999
105
4999
4641
4999
3995
4999
4615
4999
3326
4999
940
4999
2098
4999
1229
4999
2706
4999
623
4999
4402
4999
2084
4999
1474
4999
830
4999
2347
4999
4485
193
585
4999
3731
4999
2184
4999
2886
4999
3927
4999
2445
1416
4368
4999
1913
4999
646
4999
1776
1136
3314
4999
3628
4999
4936
4999
1238
4999
4251
4999
2184
4385
4279
4999
159
4999
231
4999
34
4999
2087
4999
4751
15
234
4999
205
4999
4575
4999
866
5
3251
4999
151
131
3242
4999
1631
4999
1966
659
2200
3732
2528
4999
2063
4999
3409
4999
1621
4999
2346
4999
3228
59
3366
733
4883
4999
960
370
4077
4999
3180
4999
3217
4999
780
4999
2615
405
4360
4999
4660
4999
1756
4999
244
4999
3951
4944
4828
4999
4872
4999
2676
4999
4513
4999
4945
91
69
4999
2908
283
2139
4999
1770
4999
2749
4999
1916
4277
2353
4897
4772
558
1433
125
3470
4999
2256
4999
3680
4999
4027
3637
1291
4999
848
4999
1307
4999
2160
4999
2426
4999
1861
99
1703
4999
4781
3042
2600
4999
2204
4999
3802
4999
4371
96
4636
4999
1474
4999
3528
2964
946
4999
1584
4802
4754
4999
2869
4719
3119
4999
1934
4999
3024
4999
3975
397
2858
4999
4970
4999
1555
4999
441
4999
3620
2690
227
4999
4871
4999
4435
4999
2056
1640
3093
4999
2774
4999
2549
4999
3945
4999
4723
4999
4401
4999
3071
4999
2577
4999
3069
4999
2935
811
3101
4999
1337
4996
3007
4999
4170
4982
1732
4999
1725
4999
3545
4999
4884
4999
1834
4999
81
4999
4967
4999
3804
4999
4185
4999
3609
4999
2014
4999
4649
4999
708
4999
1667
4999
229
2574
1966
4999
2444
4999
714
4999
1969
4999
1892
4999
4420
4999
3561
4999
4907
4667
3808
4999
3829
4999
515
4999
776
423
2862
4999
2078
4999
116
4999
22
4999
4165
4999
4241
4999
407
4999
4117
4999
2308
4999
3300
4999
1218
2982
4214
4999
1011
59
3128
4967
3870
4999
1770
4999
4305
4999
4274
4999
3750
4999
529
4999
1197
4999
4505
4999
2903
4999
837
4999
3002
4066
4889
4999
2058
4999
2089
4999
893
2771
1576
4999
3126
3164
2450
4999
1942
4999
3436
4999
4584
4420
1859
4999
1243
4999
1082
3274
2141
4999
3185
4999
2330
4999
4972
4999
3416
4999
438
4999
4297
4999
513
2986
2774
4999
2574
4999
1462
4999
1054
4999
1834
4999
2064
4999
3582
4999
4710
4999
4724
4999
4745
670
3582
2137
2929
2714
953
4999
1345
4466
1688
4999
815
4999
3921
4999
1349
4999
717
4999
4041
4999
3241
4929
2995
4999
3628
4999
1184
4999
203
4999
3071
4999
229
4999
1934
4999
4905
4999
4744
4999
2501
4999
4075
4999
4571
4999
3641
4999
243
4999
3981
4999
2125
4999
4159
4999
334
4999
1273
2087
1993
3885
3043
4999
3173
1522
823
1777
447
1776
1779
4999
3180
179
3768
4999
427
1353
2774
4999
1631
4999
4375
4999
4055
2746
1784
4999
590
1324
4833
4999
1621
4999
841
4999
2752
4999
336
4999
4917
4999
4128
4999
1021
4999
66
4999
1865
4999
863
4999
1993
4999
945
4797
1171
4999
547
4377
2652
4999
1184
4999
1795
4999
548
4999
4141
4999
3036
4968
4420
4999
3077
4999
3062
4999
4596
4999
664
4998
3137
4999
3963
4999
1692
4999
4501
4999
3254
921
4677
4999
3658
3635
4769
4999
4205
4594
4373
4999
300
4999
1454
4999
4338
4999
3943
4999
2356
4999
2380
4999
1111
647
1540
4999
710
4999
1784
4999
3360
692
3091
4999
1144
4999
3191
4998
3530
4999
1575
31
215
4999
331
4999
105
4999
3580
4999
781
4999
3937
4999
4077
4999
4114
4999
3961
4999
4490
4594
1412
4999
1985
4999
1015
4999
4662
4999
2777
4999
1602
4999
1611
4999
3458
4999
1419
4999
502
4918
2234
4999
3402
4997
4296
4999
3832
4999
1456
4999
1458
4999
1714
4997
1177
4999
1538
4999
1285
582
503
4999
4371
4999
447
4999
4979
4999
815
4999
2541
4999
4712
4999
2422
4999
925
4999
1989
4999
1391
4999
753
4999
503
4999
608
4999
2371
4999
3139
4999
4386
3495
1594
2030
3261
1507
2783
4999
1354
4999
311
4999
4328
4999
263
4999
2640
4325
256
3856
2442
4999
3552
4999
3309
4999
1282
4999
2154
4999
4509
1905
4727
4999
2425
4999
2629
4999
1490
4999
4583
4999
3998
4999
344
4621
1113
4999
1066
4999
299
4999
1773
4999
4141
4999
1445
4999
2156
59
4447
207
3043
2227
1041
4999
4315
4999
3030
4999
4173
4559
4778
4999
388
984
4525
4999
4466
4999
2929
417
2608
4999
3850
4999
1075
4999
1993
4999
4714
4999
140
4999
409
392
206
4999
362
4999
2281
4999
1458
4999
1174
4999
157
4620
3292
4999
425
4999
3609
2369
4964
4999
643
4999
4207
67
2820
4999
599
4999
2198
4999
1587
4999
3731
630
2408
4430
4191
4999
905
4999
3535
4999
2004
4999
3900
170
3568
4999
695
4999
1777
4999
3797
4999
924
4999
105
4999
1344
4999
4949
4999
3178
4999
1987
4999
3121
4999
4071
4999
4501
4999
4856
4999
1766
4999
4489
2382
3609
11
3270
4999
4930
4999
2886
4999
1465
4999
1054
4999
139
4999
2322
4999
3062
4999
4032
4999
447
4999
1894
4999
4662
4999
1998
4180
2477
4999
525
4999
4708
4999
1585
4999
1825
4999
4746
4999
2780
2862
3942
2549
4448
4999
967
4999
689
4999
3648
4999
1750
4999
2550
4910
2287
123
4983
4999
3532
4999
995
4999
528
4999
1665
4999
4938
4999
3927
4999
711
4999
4418
4999
4746
4999
3880
3624
168
4999
2735
4999
3850
4999
3918
4999
3414
4999
2382
4999
3248
4999
1993
4999
3419
4999
2163
3952
3043
4999
1784
430
198
397
4571
4999
3918
4719
4205
4999
838
4999
827
4999
3500
4999
3428
4999
4929
4999
3164
4999
3465
4999
2405
1370
1489
4999
4614
4999
3015
4999
2678
324
4746
4999
1495
4999
4160
4999
854
4831
1238
4999
3173
4999
4287
1
957
4999
3132
3590
4768
4999
2606
4999
1232
4999
2925
4999
2590
4
1702
4999
4381
544
2976
4999
3162
4999
1371
4999
2047
1238
4375
4999
1333
4999
4612
4999
3114
4999
1090
4999
4099
4999
4574
4999
1960
4346
4849
4999
3666
4475
4886
4999
3218
4999
4655
4999
1095
4999
995
4999
939
4999
2405
4999
4047
4999
3371
4999
2777
4999
892
4999
3795
4999
671
4678
2007
1057
700
3251
4815
4999
687
4999
2891
1029
799
4999
3098
4999
4063
4999
2107
4999
2532
4999
599
4999
1137
4999
1391
4999
1890
4999
1784
4999
3274
5
2399
4914
4804
4255
1020
1488
2235
4999
2783
4999
502
4999
1795
4999
4257
2231
2081
4999
372
4999
4948
4999
1261
4999
326
1980
3216
4
160
4999
2881
4999
1321
4999
3613
4999
4461
4999
913
4999
3553
4999
2850
2615
2886
4999
3334
4999
839
4999
2407
4999
1474
4999
2622
4999
1221
252
4340
4999
795
4918
4465
4999
4844
4999
4507
4999
558
4999
4845
4999
1688
4999
3789
59
2891
4999
4423
328
792
4999
3389
4999
2694
4999
4420
4999
4465
4999
2340
4999
2390
4999
2697
4999
3377
4999
3320
4999
4425
4999
4481
4999
1412
4999
630
3768
633
4999
3264
4999
1843
4999
2939
4999
4603
4999
1584
4999
528
4999
221
4999
3036
4999
2460
4999
2422
4999
910
4999
1139
4999
277
4999
1441
1088
1440
3126
457
1506
1943
3376
1251
4999
1696
4999
2033
4999
1834
4998
425
4999
4584
4999
3876
1560
2539
4999
2318
4999
2537
4999
29
4999
867
4999
2606
4999
350
4999
1995
4999
4347
4810
525
4999
919
4999
3729
4999
1141
4920
3544
4999
3802
4999
991
4999
4447
4999
3891
4999
170
4999
519
4999
408
4999
665
4999
2822
4999
3637
4999
2753
4999
3228
4999
383
4999
3238
4999
2112
4999
3919
4117
2087
4999
1885
191
3559
4999
4008
4999
503
132
2539
4999
3282
4999
4047
4999
387
4999
4074
4999
1585
4999
4575
4999
4471
4999
4417
740
412
4356
837
4999
1465
4999
3045
4999
608
4999
3271
4999
304
4999
2915
4999
1215
4999
4897
4999
3280
4999
2723
4999
493
4999
4367
4999
2541
4999
3018
3942
547
4999
3028
4999
4375
4999
1205
4999
4533
2273
1904
4999
4797
3907
1104
4999
515
4961
4898
4999
1657
4661
1749
4999
2395
4999
530
4973
299
4999
446
4999
3070
4999
2371
4999
1548
4999
2429
4999
1763
4999
4435
4999
535
4999
3850
4999
2261
4999
2361
1728
4711
4693
3792
4999
4159
4999
2204
4999
1777
2990
1175
2364
4146
4999
4403
4999
2621
4999
4301
4999
3334
4999
1646
4999
3517
4999
4068
4999
776
4999
1015
4999
1382
4999
4251
4999
4856
4999
1158
4999
1880
4999
2063
4999
3639
4999
2028
4999
161
4999
3226
4999
2555
4999
1780
4999
4139
2231
1555
4999
3632
4999
2289
4999
967
4999
2503
4999
991
3027
2841
4999
450
4999
518
4999
2859
4999
4476
4999
3716
4999
4152
4999
4208
4999
4779
317
338
4999
1021
4999
2891
4999
2019
4999
2422
4999
1523
4999
3564
4999
4180
4999
901
29
3057
4999
3772
4999
3684
4999
3607
4999
4083
4999
1490
389
1924
267
34
4999
75
4999
505
4999
4141
4999
4469
4999
3375
4999
2337
4999
3321
289
688
4999
3386
4999
200
4999
2684
4999
3968
4999
2687
4999
1002
4999
4628
4999
1912
4999
4418
4999
3995
4999
1158
252
3520
4999
2245
4999
3663
4999
2794
4999
664
4999
827
4999
615
4999
4833
4999
865
4999
4495
4999
1667
4999
4025
4991
898
4999
2547
4999
946
4999
4538
4999
2448
4999
4897
4959
802
4999
4420
4999
4931
4999
486
4999
3900
4999
142
4999
4881
2213
986
4999
4458
4999
943
4999
545
4999
4510
4851
2149
4831
3851
4999
1034
4999
2035
4999
2169
4999
2110
4999
413
4999
544
4999
2194
4999
2723
4999
316
4999
2253
4999
2464
4999
2921
4968
105
4999
2583
4999
4618
4999
4388
4825
1011
4999
3590
4999
4183
4999
2637
4999
4001
4999
4247
4999
3066
4999
4888
4999
1942
862
4409
300
4981
4999
2636
4999
2158
4999
823
4999
2624
1885
2298
4999
2419
4999
3811
4999
4938
4999
2820
4999
1775
4999
1164
4999
2539
4999
2802
4999
4931
4999
3620
260
1019
4999
4725
4999
1019
4999
4722
4999
442
4999
2279
4999
2389
253
116
4999
244
4999
4797
4999
31
4999
4235
4999
1481
4649
81
4999
623
4999
4481
4999
1997
4999
4327
4999
2847
4999
518
4999
409
4999
2851
4999
2209
4999
687
4999
476
4999
1321
4999
3326
4999
4821
4999
1767
4999
2003
3226
692
4999
3624
4999
1895
4999
3226
4999
4629
4999
1700
4999
4252
4999
1556
4999
4382
4999
3173
2569
3422
4999
792
4999
3580
1031
2005
4999
190
4999
2939
4999
4057
4999
4077
4999
1070
4999
19
4999
2191
4999
4268
4999
3379
4999
113
4999
893
4999
3114
4999
1157
49
1690
4999
2625
4999
2828
4999
1558
4999
545
4999
2914
4999
2773
4999
2983
3846
387
4999
3866
4999
2283
2
4255
451
2181
4999
4170
4999
4744
4999
3329
4999
514
4999
2041
4999
1576
4999
2738
4999
2320
4812
3230
4999
2783
4999
3607
4999
1516
4999
4636
4999
4821
4999
1987
721
3523
715
1588
4999
1058
4057
4056
4999
292
4999
63
4999
409
4999
3386
4999
3098
4999
212
4999
4219
2386
2279
3480
3834
4999
3119
2928
1008
4999
1261
4999
4251
1585
2400
4999
576
2070
4666
4999
2846
4999
4517
4999
1594
4999
4990
1048
282
4999
147
4999
659
4999
4484
4999
1125
4999
2130
4999
1090
4999
2160
4999
1370
4999
774
4999
1462
3347
3389
4999
2946
4999
2238
4999
4277
4999
1855
28
1213
4999
91
4999
3894
4999
2575
4999
4778
4999
4825
4999
4852
4999
2948
4999
4378
4999
2752
4999
4469
385
2010
4999
4400
4999
1825
4999
403
4999
1607
4999
4496
4999
3514
4999
2001
4999
3126
4999
1454
4999
1723
4999
2309
4999
1206
4999
2828
4999
2831
4999
138
1913
1563
4999
709
4999
326
4999
4377
4999
3409
4999
370
4999
4517
4999
1592
30
2249
4999
4502
1226
2445
73
1627
163
2426
4999
654
4999
1250
4999
2717
4999
3042
4999
2758
4999
22
4889
4496
4999
4859
1324
464
4999
1166
4999
4063
4999
1971
4999
3757
4999
3481
4999
3895
4813
1308
4999
3851
2730
74
4999
4909
4999
667
4999
3566
4999
867
4999
2981
3990
2386
4999
1667
4607
1066
4999
1166
4999
3290
4999
2247
4999
3786
4999
2025
4999
4908
4999
2827
4999
659
4999
3505
4999
1569
2436
1504
4999
3829
1063
3909
4999
4946
4999
2216
4999
2694
4999
2349
4999
4748
4999
4141
4999
1719
4999
4289
15
3126
4999
3612
4999
2849
4863
3371
4999
258
4999
4633
4999
2992
4999
1585
4999
1807
4999
4087
4999
110
4999
425
4999
4356
2227
1119
4999
1561
4999
4687
4999
1820
4999
2976
4999
1719
3584
1297
4999
3129
4999
238
4999
3991
3341
3831
4999
4868
4999
986
4999
114
4999
1703
4999
2464
4999
2790
4999
2925
4999
2415
4999
3274
4999
4408
4999
4894
4999
374
4999
4553
4999
4408
37
385
767
610
4999
2561
4999
1823
4999
1602
4999
3210
4999
2271
4999
4251
81
2900
4999
4938
4999
3389
4999
4411
4835
2896
4967
4066
4999
4214
4999
2633
4999
4413
3503
1285
4999
1324
4999
4584
4999
4918
4999
4894
4999
172
4999
4705
4999
4674
4999
1620
4999
2584
4999
1024
4999
1390
4999
2908
4999
2756
4999
1285
4999
743
4999
2035
4999
126
4999
762
4999
3439
4999
4858
1537
263
4999
3085
4999
349
4999
3951
4999
440
4999
1670
4999
715
4999
2898
4999
3646
4999
4667
2492
917
4999
866
4999
246
4999
3921
4999
412
4999
4262
4999
1382
4999
3509
4999
1274
4999
4465
4999
4729
4874
1864
4999
2621
4999
3393
4999
4844
4999
4265
4351
2372
4219
418
692
59
4999
2464
4999
3617
4999
4560
4313
2912
4999
1261
4999
2207
4999
4671
4999
876
337
2653
4999
4372
4999
4649
4999
4667
4999
3561
4999
4189
4999
4062
4999
2913
3684
201
4999
2894
4999
4032
4999
3812
4999
505
4999
573
4999
1931
4999
3732
4999
1284
1433
4688
4999
2869
4999
3175
4999
2268
4999
1348
4999
718
4999
3095
4999
4632
4999
3224
1567
990
4999
3066
4999
2577
4999
781
4779
2428
4999
3885
4999
2346
4999
3585
4999
556
4999
3164
4999
3083
4999
3764
4999
128
4999
225
4999
2098
4999
796
4746
1474
4999
4773
4999
1962
4802
3821
4999
10
4986
2112
4138
3128
546
3549
4999
3281
4999
2849
4999
2471
4999
2906
1377
263
4688
4835
4999
1849
4999
98
4999
2191
4999
739
4999
1676
4999
331
4999
4146
4999
389
4999
3117
4999
3250
4999
658
4999
2191
4999
119
4999
2850
4999
1450
4999
2190
4999
302
1737
4712
4999
3829
4999
1297
4999
368
4999
3613
4999
1064
2422
731
4999
4804
4999
2163
4999
3545
4998
3003
4999
4655
4999
363
4999
2178
4999
3839
4999
3083
4999
3512
4999
1099
4999
1199
149
2900
4999
3045
4999
2800
4999
1310
4569
3375
4999
3386
145
1370
4999
3169
4999
2539
3699
488
4999
3804
4999
447
4999
969
4999
2010
4999
3744
4999
815
584
3008
4999
1970
4999
2375
4999
1570
4999
2573
4999
2652
4999
1002
4999
505
4999
2580
4999
792
4999
3544
4529
4284
4999
2898
4999
3228
4999
809
4999
3699
4999
1875
4999
2323
4999
493
4999
361
4999
4453
4999
590
4999
1365
4974
1310
4999
4440
4999
1620
4999
4323
4999
3407
4999
4993
4999
2062
13
2414
1808
2129
4999
1331
4999
3644
4999
3303
4999
1875
4999
1895
4999
3638
4999
4263
4999
2732
4999
1659
478
3376
4999
1411
4367
1689
4999
832
4999
515
2472
11
4999
2822
4999
834
4999
929
4999
723
4999
1896
4999
2435
4999
1241
4087
3095
2092
1166
4999
1764
4999
4864
4999
2444
4999
3132
4999
4265
157
3572
4999
773
4999
477
4999
4876
4999
1741
4999
296
4999
696
4999
4986
4999
3880
13
783
4999
2992
4999
1252
4999
3750
4999
3802
4999
1020
223
3283
4999
2438
2702
1411
4999
1273
4999
3290
4999
2606
4999
2056
4999
1967
4999
2379
4999
2827
4999
2915
4999
2154
51
4778
4999
2408
1192
3693
4999
4590
4999
604
4999
2401
4999
692
951
3652
4999
4584
4999
1327
4999
3576
4999
2500
4999
3731
4999
96
4999
3265
4999
2625
4999
740
4999
4453
4999
3981
4999
893
4999
4812
4999
743
4999
2765
4999
1509
4419
182
4999
130
3516
3625
4999
1350
2575
1363
4999
1769
4999
2414
4999
4143
4999
2049
4999
1254
4999
309
4999
4986
4999
648
4999
2606
4999
3389
4999
2030
4999
234
2223
2201
4751
73
4322
3885
4247
2717
4868
3316
4999
4952
4999
4112
4999
4523
4967
1756
4999
4517
4999
1681
4999
1811
4999
1541
4999
1402
4999
954
4999
693
4999
1602
4481
354
98
4362
4999
1799
4999
4599
4999
2174
4839
71
4999
1274
4
1252
4999
1187
4999
86
4967
512
4999
550
4999
510
4999
275
4999
2739
4999
1442
4999
3346
1011
2134
3743
2723
1540
773
4974
2730
4999
1540
4999
852
4999
538
80
2382
186
4777
4999
4914
4999
1374
4999
1446
4999
11
4999
1161
4999
3106
4999
3731
4999
3731
4999
883
4999
3698
4894
3858
4999
1778
4999
807
4999
4921
4999
3616
479
1338
4999
3382
4999
534
4999
3576
4999
4087
4999
3114
4999
2386
492
2085
4892
2220
4792
2584
239
940
4999
4418
4999
4910
4999
4077
4999
1993
4999
2697
4999
4841
4999
2629
4999
3622
4999
3758
4999
4527
4999
2774
4999
518
4999
2058
4999
3532
4999
1348
1341
1202
4999
1435
4999
2110
4999
1517
206
4897
4999
3495
4999
4699
4999
3422
2023
512
4999
229
4999
4454
4999
1779
4999
2935
4999
4466
4999
3312
4999
4268
300
1377
4999
2477
4999
1871
4999
2647
4999
4002
4999
4863
13
4943
4999
4273
4999
597
4999
1777
4295
674
4999
1540
4999
2422
3180
409
770
338
1878
3839
4999
1111
4999
4839
4999
2928
4999
1563
297
2723
4999
3427
4999
1997
4999
2640
4999
4155
4999
2462
4999
1622
4999
769
4999
1311
4999
3706
4999
2399
4999
4916
4999
2348
4999
4472
4999
4098
4999
1474
1039
4772
4999
4517
4999
2276
4999
2823
26
403
2460
1316
4999
2732
4999
2083
3500
2913
4999
4225
4999
2444
208
1906
4999
2294
4999
753
1606
4143
4999
1926
4999
3799
4999
4358
4999
1359
4999
2600
4999
3681
608
691
4999
3360
4999
1382
4999
3481
4999
210
4999
1544
4999
4904
4999
259
4999
3751
4999
4509
4999
1695
4999
371
4999
410
4999
481
4999
1622
2268
2268
4999
2656
4999
4697
4999
3814
4999
510
4999
2441
4999
4636
4999
4827
4999
330
4999
4044
4999
1895
4999
4011
4999
2374
3086
740
4999
3544
4999
1304
4999
4719
4999
3415
1080
4251
4999
1625
4999
1093
4999
1507
234
4798
4999
3159
4999
275
1044
4879
4999
1350
4999
2017
4968
2780
4999
4062
2826
4802
4999
3028
4999
2473
4986
1560
4999
2477
4999
577
4999
3788
4999
371
4999
1849
4999
2167
4999
1348
4999
892
4999
4795
4999
3168
4999
4170
4999
4884
4999
2154
4999
1470
4999
422
4999
3685
4999
2413
4999
995
1607
1947
4999
1533
4999
153
4999
409
4999
3867
4999
641
4999
3672
4999
4903
4999
2800
4999
3167
4999
2717
1779
3028
4999
513
4999
3707
4999
1337
4999
362
4999
3066
4999
1354
1876
4170
4999
1924
767
138
4999
3912
4999
2231
4999
4881
4999
2372
4999
2372
4999
2141
4999
2690
4999
83
4999
4399
4999
4495
1694
581
4999
300
4999
3503
4999
2415
4999
1967
4999
3119
4999
4437
58
1282
4999
2749
4999
4005
4999
512
4999
514
4999
4954
4999
1984
4999
4716
4999
1960
4999
4448
4999
2879
4999
3069
4999
730
4999
4966
4999
3480
4999
2512
4999
3422
4999
4503
4999
4548
4572
4243
4974
129
432
2881
4999
5
4999
1159
4999
4448
4999
239
4999
3087
4770
4754
4999
3168
4999
3978
280
3814
1242
4194
4999
3251
4999
1865
4999
4635
4999
1248
4999
2353
4999
1174
4999
4945
4999
3066
4999
495
4999
681
4884
1093
4
2528
4999
4159
4999
2956
4999
1481
4999
1995
4999
634
4999
215
4999
1892
4999
4654
4999
2137
772
2082
4999
2039
4999
3693
4999
840
4999
2983
4999
4486
4999
3846
4139
998
4999
3001
4999
1951
4999
743
4999
900
4999
4545
3249
303
4999
1753
3564
4393
4999
2248
4
1282
4792
2894
4999
299
4999
1913
326
2694
4999
1082
4999
4402
4353
2691
4999
493
4999
1845
4999
2891
4999
1807
4999
221
4999
4502
4999
3384
4999
2794
4999
4635
4999
3478
4999
4851
4999
418
4999
824
4999
2118
4999
4205
4999
2891
4999
1309
4999
1887
4999
830
4999
2002
4999
4511
4999
1931
4999
81
4999
2900
4999
4622
4889
3167
4999
3510
4999
3339
4999
1050
1648
1581
4999
3250
4999
3251
4998
125
4999
4251
4999
959
4999
2207
110
1539
4999
2911
4999
4544
4999
1252
4999
3137
4999
696
4999
2413
4999
4100
4999
3913
4999
3537
4
4358
1067
1532
4999
3416
4999
4437
4999
3681
4999
647
4999
1894
4999
1779
4999
529
3431
2526
4999
152
4999
289
4999
2422
4999
210
4999
4910
4999
4167
4999
4004
4999
1275
4999
2169
4999
2662
4999
3846
4999
4801
4999
416
4999
3653
4990
2841
4999
348
4999
2226
4999
1273
4999
4572
4999
1876
4999
1234
4999
1662
4999
2422
4999
2952
4999
2026
4177
3528
13
1093
1765
1119
1377
2031
4999
4413
4999
3398
1389
1732
4999
1136
4999
2763
4999
2745
4999
3843
4951
3588
4999
1506
392
1853
4999
1027
4999
4014
4636
4687
4999
867
4999
3435
4999
2035
4999
4942
491
2619
623
346
4999
2262
340
3544
4999
4325
4999
3541
4999
4433
4999
4145
4999
267
4999
2617
203
2359
693
3668
4999
1301
13
807
4999
51
4999
1039
4999
646
4999
1406
4999
3825
4999
4433
4999
2443
4999
1049
4999
2022
2025
3164
4999
2271
4999
844
4999
2624
4999
405
4999
2047
4999
781
4999
2617
4999
2445
4999
3791
119
464
3907
121
4999
4637
4999
4507
4999
1853
4999
783
4999
852
4999
3303
4999
985
4999
2763
783
239
4999
1393
4999
1124
4999
4622
4999
512
4999
269
4999
610
4999
4981
4999
4661
4999
2602
4999
4556
4999
3777
4999
859
4999
2415
4999
4486
4963
4929
4999
1779
4318
32
4999
1368
4999
1329
1574
1168
4999
2234
4999
735
4999
2201
4999
4139
4999
2191
4486
2788
4999
2444
4999
4413
4999
826
4999
3385
4999
2645
4999
3738
4999
263
4999
1535
4999
2821
4999
4202
4999
1687
4999
660
4999
1722
4999
4798
4999
3811
4999
4228
4999
47
4999
4951
4999
3296
4999
3400
4999
235
4999
4368
4999
4199
4999
3755
4999
2528
4999
4772
4999
1611
1
4019
4999
81
13
3691
4999
1773
4999
2022
4999
4424
4999
3788
4999
1432
2389
2281
4812
190
4999
738
4999
387
4999
2704
4999
261
4999
2645
4999
3516
4999
1682
4999
4198
4999
3415
896
1538
4
3448
4999
1079
4999
898
4999
4372
1551
1522
4999
3086
4999
2429
4999
2966
4999
4305
4999
2003
4999
4414
4999
3242
4999
1007
4636
3246
4999
3950
4999
2390
4999
2569
17
3251
3182
74
4999
2383
4999
869
4999
3384
2968
2939
4922
1963
4999
4542
4999
1359
4999
3760
2545
1578
4999
4198
4999
4971
4999
210
4999
1395
4999
1374
4999
3008
4999
2748
4999
3735
4999
310
4999
4078
4999
872
4999
3447
4999
960
4513
1609
4999
4105
4999
3276
4831
4746
4999
1687
4999
1649
4999
4538
4999
2061
4999
3584
4999
2891
4999
1488
4999
2265
4999
3133
4770
1394
4999
2214
31
4414
4999
173
4999
4716
4999
4517
4999
4469
4999
4883
4999
3846
4999
220
2922
3341
4999
4247
4999
605
4999
1421
4999
832
4999
3903
4999
2913
4987
326
4999
2098
4999
3083
4999
4011
4999
4286
4999
3624
372
147
4999
2518
3206
4535
4999
4418
711
3121
4999
3312
4999
3851
4999
3781
4999
3421
4999
4517
4999
4393
83
1309
4999
252
4999
1091
4999
3291
4999
349
4999
172
4999
73
4999
1692
4999
767
4999
1765
2305
647
4999
4464
169
2935
4999
866
4999
1934
4999
3900
4999
554
4812
1082
4999
4174
4999
1688
4999
3122
4999
82
4999
4844
4999
283
4999
348
4571
1967
46
3050
4999
323
4990
2935
149
2118
4999
4458
4999
259
4163
1458
4999
708
4999
4174
447
765
4999
2770
4999
3353
4999
2207
1588
556
4999
3927
4999
4508
4999
135
4999
1267
4999
476
4999
4273
4999
3707
4999
705
4999
2000
4999
3521
4999
1889
4400
4579
4999
1911
4999
1507
4999
1692
4999
1683
4234
855
4999
2078
4999
4147
4999
1753
4999
2777
4999
1554
4999
1662
2000
3003
4999
3512
4999
4591
4999
394
119
1085
4999
1022
4999
1365
4999
1224
4999
1545
4999
2235
4999
4403
4999
2656
4999
2512
3831
2992
4999
4978
4999
1014
4999
4531
4999
4265
4999
1206
4999
3858
4999
535
4999
177
4999
213
4999
2218
4999
1262
4999
3620
4999
3320
4999
105
282
4531
4849
943
4999
4154
4999
783
4999
3169
4999
4693
4999
4251
4999
4475
4999
1933
4999
3468
4999
3497
4999
1340
4999
3023
4999
733
4999
1554
4999
2744
4999
4929
4999
3132
4999
1474
4999
1305
4999
337
4999
2923
4999
117
4999
3613
1849
2690
533
2862
4986
819
4999
3237
2849
2849
4999
4185
4476
3876
4999
2012
4999
3509
4999
2001
4999
4183
4999
3069
1350
3264
4999
1676
4999
3872
4999
80
4999
4080
4999
3139
4999
1350
4999
2981
4999
177
4999
2236
4999
1457
4999
4692
4999
406
4999
3467
4871
2422
4999
1411
4999
876
4999
2359
4999
4130
4999
4506
4999
1540
4999
787
4999
1235
4999
637
4999
4871
4999
4100
4863
3452
4999
1585
4999
562
4999
333
4999
1602
4999
3768
4999
3620
195
4360
4999
44
49
152
4999
2005
4999
1516
4999
801
4999
1570
1332
4288
4999
631
4999
208
4999
1865
4999
3002
4999
2856
44
143
4999
2714
4904
1825
4999
707
4999
1585
4999
840
4999
657
4999
2512
3751
4498
4999
4562
4999
4750
4999
4416
1135
1399
1224
4413
4999
1041
2624
846
4999
1906
1054
1124
504
3314
4999
4277
4999
3585
4999
2023
4999
3927
1
1501
4999
4313
4999
4941
4999
2952
4999
4209
4999
1980
4999
3467
337
2919
4999
2823
4999
3600
4999
3528
4999
3731
13
42
4999
4502
4999
4105
4999
4904
4999
310
4999
2408
4999
721
4999
4000
4999
3178
4999
2586
4999
2497
4999
988
4999
4596
4999
1411
4999
85
4999
4369
248
3547
4999
3431
1149
646
4999
1493
4999
4539
1776
4286
4999
2349
4999
2539
4999
4685
4999
3053
4999
4915
4987
4727
4889
2268
4999
3385
4999
2820
4999
559
4999
2903
4999
84
4999
2475
4999
1383
4999
2488
4999
4234
143
4251
4671
2723
4999
824
4999
1667
4999
4335
4999
1291
4999
2410
4999
1474
4999
3775
4999
60
4999
865
4999
2087
15
4019
4999
2758
4303
22
3703
3148
4999
2019
4999
132
4999
1681
4999
2541
4999
2970
4999
398
4999
3986
4999
3483
4999
3517
4999
1550
4999
815
4999
4328
4999
3003
4999
2379
11
3300
4999
2188
4999
3121
4999
248
195
2204
4999
1068
4999
941
4999
4821
4999
2220
4999
3286
4999
481
4999
135
4999
3468
4999
2827
4999
4569
2167
2283
4999
409
4999
4852
435
4655
4999
344
4999
2245
4999
2355
4999
443
4999
3356
4999
3447
4999
464
4999
865
4999
3516
4987
3353
4999
4777
4999
4958
4999
2387
4999
3427
4999
3228
4999
2919
498
299
4999
4121
4999
867
4999
1676
4999
1412
4999
1446
4999
2590
4999
2856
4999
1542
4999
2110
4999
4345
4999
2608
4999
3888
2846
2933
4999
1221
4999
756
4999
999
4999
3967
4999
544
4999
4123
2405
1455
4999
4353
4999
3400
4999
1555
4999
2064
169
1602
4999
1370
4999
3811
4999
137
4999
4
19
879
4999
4315
2371
3500
4999
3238
4999
3758
4999
1870
4999
734
4999
4485
4999
4045
4999
186
4999
1668
4999
300
4999
4199
4999
663
4999
1064
4999
924
4999
3975
4999
3547
4999
3731
4999
619
239
633
4999
184
4999
272
4999
2009
4999
2019
4999
3837
1254
3185
4999
172
4999
1609
4999
4600
4999
3177
4999
1895
4999
872
399
4235
4999
49
4687
389
4999
3624
4999
4037
4999
1590
4999
3533
4999
15
4999
1584
4516
438
4999
3585
4999
1916
4999
1304
2390
707
4999
2979
4999
1251
4999
3053
4999
2915
4999
2758
4999
1871
4999
4251
109
3265
3927
1571
4999
767
4999
1489
4999
4519
4828
3735
762
783
4999
458
561
1539
4999
3607
4999
4881
4999
2245
4999
3180
4999
4068
4999
2256
4999
4367
4999
3731
4999
251
4999
4967
4999
869
4999
2547
4999
957
4999
646
4999
1817
4999
2962
4999
4174
4999
2164
4999
3891
4999
2505
4999
4297
4999
1392
4999
4640
4999
2549
4999
1175
4999
1773
4573
979
4999
2555
4999
1875
246
1304
4999
4637
4999
3887
909
3164
4999
4517
4779
2487
4999
610
4999
3540
4999
512
3637
4705
4999
472
1730
1609
312
3983
4999
691
602
486
4999
3478
4999
740
4998
4458
4999
4995
4999
3568
4995
2595
4999
1756
4999
1327
4999
4710
4999
2309
833
558
4999
3644
4999
3891
4999
298
4999
867
4999
25
4961
870
4999
4517
4999
3564
4999
2539
4999
3834
4999
3995
4999
4479
4999
4844
4999
2512
4313
2380
4999
2873
4999
2163
4999
991
4999
4571
4999
340
4999
3680
4999
1064
876
2904
4999
3681
4999
1485
2060
4717
4999
2894
4999
2436
4999
3402
4999
2187
4999
3865
4996
2820
4999
1345
4999
3838
4999
1845
4999
2018
4999
3902
4999
3750
4999
1681
541
498
4999
2851
4999
2169
4999
4725
4999
447
4999
3528
4999
791
4999
2615
4999
4687
11
2707
4999
4293
4999
518
4999
2806
4999
4523
2536
11
4999
4082
4999
504
4999
4327
4999
4549
469
2386
4999
1795
4999
2205
4999
1425
4999
924
4999
394
3006
3516
4999
306
4999
4424
4999
3395
4999
418
4999
1689
3309
2739
3091
4915
4999
2143
4999
2730
4999
2706
4999
2137
21
1136
4999
16
4999
1853
4999
3369
4999
4118
4999
1027
4538
1576
982
1458
4999
2477
4999
1316
4999
3808
4999
1109
4999
329
4999
294
4999
3649
4999
4463
4999
1587
4999
1703
4999
1640
4999
2408
2584
3224
4999
1859
4999
1753
4999
2793
4999
2602
4999
4517
4999
2889
4999
2477
4999
4907
4999
4735
4999
3580
159
4914
4999
3613
4999
2462
2846
3839
4999
1304
4999
1243
3571
148
227
575
3936
2586
4999
3292
4999
4191
4999
2904
4656
464
4999
4644
4999
4183
3254
455
4999
425
4999
3951
4999
4973
4999
4207
4999
4008
4999
1327
4999
2347
2276
326
4999
2564
4999
4458
4999
1754
4999
3020
4999
2359
4999
1947
2564
4521
4999
449
4999
2207
168
3220
4999
236
4999
689
4999
2756
518
4049
4999
3644
4999
877
4999
4207
4999
2699
4999
3521
4999
1091
4999
3497
4999
2853
4999
1389
4999
3779
4999
2891
4999
3553
4999
2246
186
870
4999
2122
1125
1775
4999
4383
3440
2669
4999
4844
4999
1027
4999
4243
2363
2896
4999
4371
4999
2744
3992
4011
4999
2174
4999
753
4999
3551
4999
1881
4999
3467
126
3571
4999
4354
657
3114
4999
1073
4999
1845
4999
1261
4999
1533
4999
2118
4999
875
4999
1344
4999
4897
4999
2763
4944
3751
4999
3155
4999
3103
4999
3807
4999
1187
4999
3386
4999
1542
4999
3880
31
409
4999
1244
4999
597
4999
1338
4999
4940
4999
3559
4999
2806
4999
875
4999
450
4999
2196
4999
4205
694
1207
4999
1472
784
3629
4999
3356
4204
29
2707
4401
1319
2143
4999
2818
4999
3858
4999
1954
4999
3291
4999
2881
4619
4637
335
4051
4999
215
4999
776
4999
337
4999
2349
4999
1558
4999
815
4999
1252
135
1573
4999
770
4999
922
4999
1412
4999
3575
4999
3503
4999
2482
4868
2935
4968
4849
4999
4904
4999
4252
4999
1337
4999
2922
4999
2145
4504
1599
4999
3083
4999
1120
4999
965
4999
1417
4999
1080
4999
326
4999
1997
4999
389
4999
3083
4999
1692
4999
4239
4999
2149
4999
4008
331
2203
519
1545
4999
1117
4999
4710
4999
2779
4999
1997
4999
4537
4999
2928
4999
1472
4999
2107
4999
4047
4999
1834
4999
1951
4999
1779
4999
3814
4999
900
4999
739
4999
3114
4999
2184
4999
4988
4999
4460
4999
588
4999
124
4999
2271
4999
4444
4999
1716
4946
876
4999
574
4999
2740
4999
382
4999
2303
4999
1902
4999
3843
4999
1414
4999
2134
4812
1501
1602
965
4999
631
4999
1252
4999
3218
4999
1857
4999
2804
4999
2026
4999
1703
4723
1910
4999
346
4999
518
4999
665
4999
4152
4999
2407
4999
4929
4999
2533
4999
3230
4999
2948
4999
2309
4999
2438
4999
994
4999
4295
4999
702
4999
316
4999
960
4999
3678
4999
1192
4999
4869
4999
2265
4999
2968
4999
289
4999
3666
4999
2236
4999
1492
4719
3467
4999
959
3326
2935
4999
412
4999
447
4999
1428
4999
4594
4999
3271
4999
1490
4999
2107
4999
2730
4999
4701
4999
595
4999
4525
4999
1224
4999
518
4999
4945
4999
1766
4999
530
4999
3963
4999
717
4999
4039
4999
4451
4999
3698
4999
453
4999
559
4999
225
4999
2430
4999
4451
4999
1108
4999
176
4999
3238
4999
3658
4999
4897
63
4509
4999
503
4999
1082
4999
1954
4999
1166
4999
647
4999
967
4999
3497
4999
646
4999
1631
4999
1383
4999
2290
4574
4385
383
3150
4999
3382
4999
4612
455
4331
4999
4289
4999
1793
4999
3625
4999
4351
4999
1474
4999
2602
4999
1474
4999
1424
4918
3389
4986
2253
4999
3674
4999
267
4999
2763
4999
374
4999
4160
4999
4360
4999
1140
4999
4894
4999
2176
4999
1563
4999
3280
4999
231
4999
186
4999
4136
4999
2902
4999
1285
4999
4548
4999
1557
4999
2635
3829
2444
4999
1535
4999
1180
4999
3175
4999
2207
4999
253
4999
229
4999
4418
648
2725
4999
4545
4969
4843
1614
119
4999
731
1029
4750
878
2632
4999
4711
1657
569
4999
1329
4566
961
4999
4052
4999
2364
4999
3568
4999
3911
4999
1906
4999
2518
4999
4652
204
3961
4999
1310
4999
617
4999
3885
3191
902
4999
1913
4999
2710
4999
1665
4999
2200
4999
683
4999
3513
4999
2992
4999
486
4999
3168
4999
2705
4999
330
3016
995
4918
2721
4999
3735
4978
1450
4999
3077
4999
3594
4999
1227
4999
898
4999
2124
4999
648
4999
697
4999
2956
4999
1235
4999
2820
4999
1795
4987
2824
4999
2089
4999
4497
4999
4413
4999
4406
370
3802
4999
959
1865
823
4999
4615
4897
3269
4999
866
4999
1350
4999
783
4999
1391
4999
2714
4999
4847
4999
4100
4999
493
4999
807
4999
779
4999
2027
4999
4075
4999
3510
4999
4349
623
3244
4999
1095
3639
3844
4999
4624
191
621
960
4309
4999
3849
12
4288
4999
3807
4999
3093
4999
2407
4999
4743
4999
1578
4910
2211
4999
2820
4999
1209
4999
3141
4999
4351
4999
324
4999
963
4999
2421
4999
1672
4999
4968
4090
2348
4999
2735
22
4754
4999
2105
4999
407
4999
496
4999
4536
4999
4968
4999
3821
4999
346
4999
1845
4999
597
4999
4288
4751
4715
4999
3210
4999
921
4999
4689
4999
4889
4999
1041
4999
267
4999
4667
4999
1531
4999
1019
4999
4388
4999
1038
4999
1394
4999
1213
4999
126
4999
4852
4999
1474
4999
1293
4999
1604
4999
1370
4999
2399
4999
4771
4999
433
4999
639
101
824
4999
2905
4999
398
55
126
4999
2408
4999
4348
4999
1773
4999
471
4999
3434
4999
3909
4999
1166
4999
711
2809
2030
4999
281
4999
3775
4999
884
4999
2979
1002
31
361
2625
4999
4023
4999
4889
4999
67
186
896
4999
2922
3294
4963
2092
2062
4999
3209
4509
3389
4999
904
4999
4701
4999
912
4999
1815
4999
3119
4999
1063
4999
3984
4999
1834
4999
1284
4999
4315
4999
2407
4999
3416
4999
2022
4999
251
4999
2740
4999
3732
300
1462
4999
4408
4999
1202
4815
664
4999
4897
4999
4200
4999
920
4999
65
4999
124
2097
1348
4999
4439
4999
3062
4999
4178
4999
4921
4999
2714
4999
3110
4999
1661
4999
2467
231
4538
4999
3537
701
2921
4999
2387
4999
2334
4999
3620
4999
4492
4999
968
4664
898
4783
4149
902
4380
4642
1182
4999
2619
4999
985
4999
297
4999
428
4999
3376
4999
3741
2984
4833
4999
787
4999
2408
4999
1108
4999
1627
4999
3904
4999
4971
4999
4257
4999
3490
4999
2145
4999
893
4999
289
3750
4610
540
4409
4999
2818
3216
3544
4999
1365
4999
2606
4999
1538
4999
1571
4999
3953
4999
4517
4999
485
4999
3876
4999
480
4999
4711
4999
3228
4568
634
4999
3436
3060
3851
4999
4957
4999
4032
4999
1791
4999
410
4999
3797
4999
2120
4999
2239
4824
2823
4999
2604
4999
374
4999
3232
4999
721
4999
961
4999
3103
4999
2640
4999
1332
4999
791
4999
464
4999
1466
4999
4874
4999
2811
4999
1688
4812
1758
4999
1312
4999
63
4999
3757
3201
1435
4999
3035
641
4627
4999
3950
4999
32
4999
2067
4999
94
4999
3150
4999
1825
4999
3521
1779
2114
4999
2469
4999
466
4999
2891
4998
3066
3811
3613
4999
2881
2060
824
4999
2500
4999
3795
4999
4781
4999
1143
3303
1184
4999
2305
4999
121
4999
1713
4999
1457
4999
3286
4999
731
4999
3310
9
902
4998
2676
4758
1750
4999
133
4998
1469
4999
324
4999
4842
4999
4488
4999
3439
4999
1099
4999
4340
4999
4894
4999
1266
4999
3578
4999
2928
4999
450
2721
1733
4999
3648
4999
2708
4999
1775
4999
4105
4999
1507
4999
753
4999
3294
4999
1599
4999
1784
4999
2656
4999
3495
4999
2133
4999
1131
4999
87
4999
58
11
1218
4999
4229
4999
2945
4999
1356
4999
938
4999
740
4999
3628
4999
613
4999
1674
2849
1634
4999
1237
4999
313
4999
4198
4999
2989
4999
846
596
3756
4999
1766
4999
438
3033
866
4999
2778
4999
3641
4999
486
4999
4034
4999
4406
4999
1293
4999
4049
4999
1425
4999
1862
4999
2280
4999
2422
4999
4027
4999
510
4999
1388
4999
534
4999
4491
4999
29
4999
4380
4999
1762
4999
3545
4999
4032
4999
506
4999
514
163
3309
4999
263
4999
512
4999
3756
609
2326
4999
1901
4999
3843
4999
1602
1863
3007
4999
4946
4999
394
4999
4019
4999
2034
4999
325
4999
944
4999
1905
4999
3698
4999
2617
546
4439
4999
4045
4982
121
371
623
4999
2705
4999
2563
4999
2802
4999
3685
4999
2441
217
3395
4999
1432
4999
4355
4999
241
4999
3619
4999
98
4999
2349
4998
3311
4999
1008
4999
2568
4999
2928
4999
995
4999
1002
4999
801
4999
3619
4999
1934
4999
2030
1479
4556
4999
1442
4999
623
4999
872
4999
700
4999
1147
4999
2721
4999
526
4999
4950
4999
4345
4999
579
4999
2547
4999
4123
4999
3132
4999
546
4999
195
426
3036
4999
3490
63
2580
1703
528
4999
1913
3902
1207
4999
3236
498
1063
1585
4130
4999
4243
4999
3629
64
161
4999
4593
4999
18
4999
4751
4999
470
4999
495
4999
3602
4999
1657
4999
3788
4999
1324
4784
3718
4999
4371
4999
4777
4999
41
4999
2407
4999
3679
4999
4553
4999
4467
4999
4214
1410
4917
4999
4921
4999
783
4999
850
4999
1152
1993
3305
4999
4945
4999
1088
2794
4976
4999
451
4999
4095
4999
3128
4999
339
4999
2387
4999
4865
4999
3129
4999
647
4999
3983
4999
1975
4999
4648
4999
1853
4999
3855
4999
1206
2158
1132
4999
4436
108
3635
4999
3311
4999
1195
4999
234
4999
1548
4974
815
4999
1985
4999
4451
4999
1776
4988
4909
4
1563
4999
925
3590
3609
4999
2141
4999
2943
4999
4714
4999
383
2234
1585
4999
1936
4999
4965
4999
4139
4999
1902
4999
4424
4999
3724
4999
2141
4999
1274
371
1748
4999
3932
-1
84
387
660
4999
1871
4999
1710
4999
451
4999
2176
4999
2948
725
149
453
4479
4999
3817
4999
2089
4999
1159
4999
3582
4999
4711
1472
19
4999
4430
4999
57
715
3309
4999
4409
4999
2346
4999
2932
4999
904
4999
3698
1915
2052
4999
126
4999
4239
4999
2523
4999
2906
4999
2849
4999
3613
4999
2837
4859
1090
4999
2211
4999
902
4999
3379
4999
485
4999
3276
4999
4878
4999
234
4999
4053
4999
2599
813
541
4999
4448
4999
2607
2632
4750
4999
3375
4999
687
1849
3628
4999
3968
4999
2457
4999
330
4999
339
4999
4138
4999
2846
143
4284
4999
959
2223
791
4999
4652
4999
2422
4999
2073
4999
4203
4999
1354
4999
2149
4243
527
4999
1885
4995
1807
4999
4014
4999
4633
4999
3220
4999
4589
4999
2798
4999
2429
4797
3384
4999
1951
3246
1138
4999
480
4999
4844
4999
1224
4999
4644
4999
4082
4999
3214
4999
3547
4999
405
4999
4641
4999
4331
4999
2285
409
2676
4999
946
4999
4068
4999
2633
4999
80
4999
1111
4999
2158
4999
1703
4999
1337
4999
1602
4999
961
2992
1987
4999
313
4999
272
4999
2707
4999
2105
4999
289
48
114
4999
941
4999
4177
4999
147
4999
1513
4273
3402
4999
1025
4999
730
4999
4636
4999
4644
4276
4897
4999
581
4999
4481
4999
3382
1984
418
4999
126
4999
2168
4999
897
4999
2779
4999
575
2278
1760
4999
518
4999
1587
4958
239
4999
2645
4999
3743
727
2110
4999
275
4999
881
4999
978
4999
2508
4999
1171
71
2401
4999
4517
4999
3622
4999
2518
4999
3757
4999
231
2866
3364
4999
2982
4999
3300
4999
4379
4999
4147
4999
4484
4999
3422
4999
1459
4999
3649
4999
749
4999
765
4999
1030
4999
4826
4999
1611
4999
77
4999
687
1995
2349
4999
32
4999
2702
4999
4556
4999
3370
4999
2386
4999
3309
4999
4464
4999
2642
4999
2283
4999
3302
1822
3571
4999
4232
1569
1488
4999
2843
1979
4465
4999
1585
4999
3326
4999
1308
4999
3597
4999
3257
4999
4474
4999
3382
4
152
4999
1174
4999
2771
4999
2316
4318
2311
4999
1472
4425
4634
4999
3647
1533
4942
4999
252
4999
1157
9
239
478
1807
4999
2004
4849
2637
4999
4550
4999
4660
4999
1520
4999
4231
4999
843
4999
295
4999
1601
4999
2397
4999
1583
4999
262
4999
1680
73
4732
4999
3528
4999
138
4999
3030
4999
4849
4999
4793
4999
2758
4999
630
4999
1908
4999
4414
4999
1194
4999
3342
4999
823
4999
859
4999
1849
2846
3340
4999
2831
4999
1278
4999
2114
1474
4001
4999
1337
4999
2426
4999
3156
4999
970
4999
1261
4999
359
4999
872
626
2790
4999
2347
4999
1614
4909
4858
4999
2414
4999
843
4999
711
4999
1984
4999
1244
4999
2780
4999
2694
4999
527
4999
1509
4999
32
4999
613
4999
331
1304
3316
4999
2125
4999
4865
4999
1514
4751
2225
426
4340
4999
3439
4999
1046
4999
3330
4999
433
4999
4201
4999
97
4999
4087
4999
4751
4999
403
4999
1337
252
493
4999
1563
4999
2124
4999
743
4999
857
4999
184
4999
2386
3898
2170
4999
2790
4999
2130
4201
1064
4999
359
4999
4049
4999
3194
4999
2085
4999
1965
4999
2407
4999
857
385
1616
4125
2753
4999
811
4999
2244
4999
2908
4999
1044
4999
2479
4999
4165
4999
2720
4999
2429
4999
4351
4999
1348
4999
267
4999
1866
4999
4231
4999
3570
4999
4032
4999
4959
4999
1446
4999
993
4999
1729
4999
4045
157
538
4999
1503
4999
1767
1446
3028
296
2201
4999
2097
2027
2897
4999
2347
4999
612
783
1728
4999
4236
4999
3490
158
1260
4999
1337
4999
4984
4999
2201
4999
2211
4999
4556
4999
4741
4999
4929
4999
4622
4999
878
4999
2520
4999
3983
1479
4506
4999
3129
4999
2717
4999
2467
4999
385
4999
952
4999
1379
4999
2168
70
2732
4999
514
4999
3943
4999
3554
4999
1374
4999
3765
213
76
4999
2763
2885
4833
4999
3028
4999
4297
4999
4641
4999
80
4999
2864
4812
1164
4999
3920
3575
3895
4999
263
191
4026
4999
3042
4999
1075
4999
453
1748
830
4999
3046
163
4509
4999
1492
4999
4521
4999
3247
4999
4669
4999
1954
4999
2774
4999
3274
4999
95
4739
634
4999
3805
4632
1305
4999
1768
4999
4506
75
3637
4999
3829
195
486
4999
1901
4999
1161
4999
19
4999
2322
4999
3228
4999
1424
4999
4517
4999
2659
2545
2395
4999
1686
4999
1548
4999
1776
4705
401
4999
1155
2188
2408
4999
4409
4999
4555
4999
2335
4999
3483
4999
4548
4999
475
4999
3838
4999
1221
4999
1507
4999
4241
4999
1880
4999
4402
4999
3652
4999
193
4999
78
4999
1592
4999
126
430
4528
4999
579
4999
4288
4519
2122
4999
2141
42
3660
4999
1485
4999
3457
281
3030
4999
4878
4999
4654
4999
1008
3393
3220
4999
2052
4999
3681
4999
3986
4999
1155
4999
2922
4999
3576
4999
3544
1293
289
22
4772
4999
2110
4265
79
4999
3474
4999
1963
4999
2568
4999
4462
4999
2056
4999
3380
4999
202
4999
1184
4999
1202
4999
2484
4999
4976
4299
2779
4999
2141
4999
4014
4999
3099
2083
2831
4999
3608
4999
4946
4999
800
4999
829
583
1344
4999
3070
4999
4107
4999
3582
4999
4856
4999
1833
4999
1159
4999
2205
4999
2092
64
3162
4999
1247
4999
3376
773
3646
4999
1556
4999
2830
4999
2265
4999
3688
4999
1618
4999
1327
4999
2678
4999
1758
4999
1668
4999
4313
4999
438
3590
2087
4999
3945
4999
4146
4999
2444
4999
253
4999
1164
4999
2039
4999
2120
4999
118
354
4087
4999
758
4999
503
4999
4460
4999
3402
4999
4556
4999
4223
4999
92
4999
110
4999
3332
4999
3558
4999
1310
4999
2785
2908
4823
4999
4798
4999
4239
4999
1149
4999
3402
4999
4832
4999
4631
4595
317
4999
2518
4999
4624
3334
4536
4999
634
4999
127
4999
2031
4999
1775
4999
2595
4999
2669
4999
4369
4999
4940
4999
3209
4999
2615
4999
3978
4999
1829
17
267
4999
4533
4732
4719
49
715
4999
2652
1121
2502
4999
4635
4999
998
4980
1989
4999
2528
4999
2462
4999
1046
4999
1396
4999
4666
4999
2827
4999
2856
2443
4355
4999
521
4999
2413
4795
610
4999
271
4999
2244
4999
1346
4999
2518
4999
2277
4999
2769
4999
2630
4999
1446
4999
1712
4999
2746
4999
3609
4999
2708
4999
1442
49
4354
4999
2869
4999
3998
4999
2725
4999
4944
4999
1712
4999
2683
4999
3030
4999
2441
4999
2977
3684
4002
4999
4856
4999
1413
4999
1446
4999
1377
4999
4596
4999
3439
4999
3013
4999
2438
4999
3175
4999
1782
4999
931
4999
3713
4999
1224
4999
4918
330
4151
4999
2989
29
2822
4999
3036
4999
1455
4999
819
4999
1788
4999
3425
4999
2828
4999
1578
4999
4959
4999
1822
4999
4398
4999
3811
4999
2246
4999
1926
4999
922
4999
4805
4999
2746
4999
3536
4999
1745
4999
3038
4999
648
134
126
4999
41
4999
2622
4999
3589
4999
3141
4999
2164
4999
3802
4999
329
4999
3066
4999
1432
4999
1741
4999
2457
3528
3452
4999
4207
4999
3730
4999
2323
4999
4174
4999
4649
825
3470
4477
1588
4999
1044
4999
3839
711
2497
4999
1725
4999
4044
4999
2127
4999
1240
4999
221
4999
2435
4999
272
4618
4662
4999
3296
4999
3784
4999
1377
4999
4723
4999
1651
4999
2886
4999
4983
4999
4488
4999
3119
4999
4637
4999
3304
4999
2640
2056
408
4999
3808
4999
2448
4999
2783
4999
110
4999
930
4999
3090
4999
420
4999
4414
4999
3765
4999
2539
4999
1875
4999
3629
4999
4231
4999
1958
4999
3795
2156
2900
4999
1411
4999
711
4999
4783
4999
3232
4999
666
4999
1082
4999
697
4999
843
4999
1495
3549
1474
4999
2571
4999
3008
4999
2586
4999
4584
4999
2694
921
484
4999
77
4999
1234
4999
2464
225
16
2477
483
4999
2922
4999
624
4999
3750
2996
2684
4999
78
4999
4159
4999
3210
361
4101
4999
1732
4999
4293
4999
1354
4999
3018
4999
158
4999
3389
4999
2763
4999
2239
1597
4439
4999
280
4999
770
324
3509
4999
4969
4999
299
70
2098
4999
3264
4999
225
4999
3680
336
811
4999
1997
1136
1775
4999
2740
4999
1307
4999
3507
4999
1039
4999
4804
4999
2234
4999
1161
4999
2415
4999
384
4999
2748
4999
4744
2464
2666
4999
4174
4999
874
395
2364
4999
3952
4999
10
4999
1099
4999
1657
4999
3738
4999
4910
4999
3053
4999
1404
4999
1964
4999
2256
4999
703
4999
1901
284
3309
4999
900
4999
1909
4999
4051
4999
1540
4999
4262
4999
4464
4999
329
4999
2160
4999
3056
4999
3974
4999
3702
4999
2707
4999
1348
4999
3698
4999
1063
4999
3053
4999
2485
4999
4439
4999
670
4999
4579
4999
3876
4999
3891
4999
3792
4550
1328
4999
3855
4999
408
4999
878
4999
310
4999
4368
4999
4409
4999
4105
4999
3811
4999
1080
4999
134
4999
3948
4999
2250
4999
846
4897
3164
4999
2122
49
1563
4
1984
1993
4345
4999
1890
2
4405
4999
3876
4999
2306
4999
893
4999
4217
4999
1371
4999
418
4999
1408
4999
3175
4999
3533
4999
4274
4999
2141
4999
153
2946
2139
4999
4649
4845
3998
4999
1242
4999
1501
4999
4331
4999
703
4999
1700
438
2740
409
2500
4999
1353
4999
4095
213
3291
1583
394
4999
2577
4999
1340
4999
4889
4999
481
4999
289
4999
1019
4999
63
4999
3434
4779
1324
4999
3541
4999
3942
4999
2740
4999
752
4999
1733
4999
310
4999
2019
4999
193
4999
4209
4999
3743
4999
2611
4999
126
4999
3500
4999
3254
4999
749
4999
1681
4999
1227
4999
586
4999
938
4999
3751
4999
2413
4999
4745
4999
1845
4999
3480
4999
2260
4999
1693
4999
4929
4999
3015
4999
66
4999
2293
4999
2176
286
1120
4999
3065
4999
1711
389
2659
4999
4117
4995
321
4999
1701
4999
3133
4999
4125
4999
2683
4999
3216
4999
3650
4999
1993
4999
601
4999
622
4999
1712
4999
25
4999
1143
4999
2704
663
4876
4999
2078
4999
819
4999
1954
4999
1211
4999
1103
4999
1282
4999
1350
4999
374
4999
191
4999
2081
4999
2163
4999
3588
4999
3602
4999
2369
4999
4377
676
708
4999
1773
4999
184
4999
920
4999
4066
4999
143
4999
2740
4999
2453
4999
81
4999
2756
4914
3128
4999
2149
4999
4403
4484
609
125
309
4999
540
4999
3382
4999
59
1723
346
4999
3416
4999
3789
4999
3139
4999
3238
2379
3176
4999
4315
3475
2919
4999
4315
4999
2688
4999
2606
4999
185
4999
2376
4999
4436
4999
1529
4999
1758
4999
474
4999
3335
4999
4553
4999
3918
4999
2564
4999
2966
4999
595
4999
169
4999
3392
4999
1007
4999
1725
4999
3978
4999
2309
4999
3592
42
3356
4999
1649
4995
4027
4999
2309
4999
4712
4999
4654
4999
125
4999
3046
4999
3751
984
1567
4999
4243
4999
4553
4999
1137
4999
2792
5
3421
4999
3627
4999
1710
4999
2557
4999
3447
4999
4948
4999
1825
4999
4858
4999
2574
4999
2225
4999
3814
4999
348
4999
1894
4999
4992
4999
3066
4999
3871
4999
2382
4999
2794
4999
1553
4999
1328
1282
3465
4999
2906
4992
3360
4999
4849
4999
2330
4999
3675
4995
2714
4999
2815
4999
3698
4999
2376
4999
2386
4999
3425
735
4123
4999
1261
4999
919
4751
4516
4999
4469
4999
4084
1733
1054
4999
873
4999
3675
4999
4319
4999
3201
4999
1659
540
2913
4999
1547
4999
1834
4999
1145
4999
3668
4999
4531
4999
1779
4996
146
917
3425
4999
1991
4999
2429
4999
2935
4999
2891
4999
827
4999
26
842
2164
1121
4910
4999
1611
4999
751
4999
4904
4625
4407
4999
3976
4999
3480
-1
4799
4999
2017
4999
1465
4999
31
715
4719
4999
4483
1328
823
4999
4637
4999
4946
4999
1235
4999
1365
4999
123
4999
633
4999
922
4308
3578
2721
3751
4999
1541
4999
4458
4999
1413
4999
1631
4999
521
4999
3094
4999
729
4999
244
4999
1728
4999
3617
4999
670
4999
310
4999
2630
4999
1379
2248
1227
4999
3783
4999
1278
4999
2439
4999
1657
45
2371
373
1701
4999
1111
4999
3533
4999
721
4999
1995
2983
4049
2811
2156
612
2043
4999
4120
4999
1125
4999
4460
4999
1962
105
3132
4999
2337
4999
4071
4999
1033
4999
4786
4999
2118
4999
3218
4999
2758
4999
1247
4999
3675
4999
4369
4999
4852
4808
1205
4999
305
3291
398
4999
325
4999
1380
866
680
4999
4987
4999
721
46
3376
4999
533
2917
1585
4999
2363
1582
3216
4999
3673
4999
3389
4999
4502
4999
1345
4999
4589
4999
2543
1
3383
4886
1895
4999
2313
4999
3911
4999
1051
4999
1540
4999
2714
2237
741
4999
4897
4999
117
4566
481
4999
4435
4999
3053
4999
512
4999
602
4999
478
4999
258
4999
1578
4999
4620
4999
4975
4999
4105
4999
2349
4999
4590
4999
1853
4999
1611
4439
587
4999
3065
4999
2640
4999
3613
4999
3728
337
4761
4999
1333
4999
3366
4999
3688
4999
66
4999
4132
4999
1251
4999
1668
4999
2167
4999
4147
303
4324
4999
4105
926
3402
227
2880
4999
2380
4999
1710
241
1020
4999
1368
4999
2935
4999
4162
4999
4886
4999
4571
4999
447
4999
1886
4999
239
4999
4200
1692
3607
4999
1046
4999
317
4999
1136
4999
3503
4999
2800
4999
1538
4963
1995
4999
626
4999
3251
4999
829
4192
1696
4999
3763
4999
512
4999
3731
4999
4008
4999
1520
4999
3732
4999
2947
4999
3342
4999
2640
2063
1011
4999
4651
4999
3927
4999
3760
4999
209
4999
4239
4999
290
4999
2072
4999
917
1523
991
4999
3613
784
1961
4999
4288
4999
1416
1531
4044
4999
2717
2083
2470
2278
2499
4999
3251
4999
857
4999
4039
4999
4982
4999
811
3608
3219
4999
4519
4999
1692
3813
978
4999
803
4999
4191
4914
3868
4999
4243
4999
2156
483
4068
4999
477
4999
3090
4999
3402
4999
1041
4999
4393
4999
4712
4999
420
4999
4982
4999
2239
4999
2368
4999
3535
4999
2431
4999
2712
227
4649
4999
155
4999
255
4999
1166
4999
4476
4999
843
4999
674
4999
1337
1131
328
4999
639
569
4970
4999
3521
4999
2754
4999
4355
4969
1414
4999
68
4999
4986
4999
2418
4999
3370
4999
2444
4999
3744
4999
2322
4999
3737
4999
1291
4999
586
4999
325
4999
418
4999
2945
4880
4460
4999
850
4999
733
4999
3846
4999
3724
4999
2002
4999
491
4999
4456
4999
3356
4999
3585
4999
1695
4999
4963
4999
1356
4999
4889
4999
2097
4999
3632
4999
1780
4999
961
4999
1611
4999
2059
4999
504
4999
2672
4999
995
4999
3380
4999
1046
4999
4122
4999
3685
4999
3566
4999
1601
4999
1773
4999
4141
1913
4944
4999
1332
4999
2543
4999
2265
4999
3732
4986
834
4999
2247
4999
408
4999
1532
4999
2084
1997
3380
4999
3750
3109
4859
4999
178
4999
2435
4999
702
1179
2643
1454
1555
4999
2630
True
False
True
False
False
True
True
True
True
False
False
False
False
False
False
False
False
True
True
False
True
False
False
True
True
False
False
False
True
True
False
True
True
False
True
False
False
False
False
False
False
False
False
True
True
True
False
False
True
True
False
True
True
True
True
False
False
False
True
False
True
False
False
True
True
False
False
False
False
False
False
True
True
True
True
True
True
False
True
True
False
False
True
False
False
False
True
True
True
True
False
True
False
True
True
True
False
False
False
True
True
False
True
True
False
True
False
False
False
False
False
True
True
True
True
False
True
True
False
True
False
False
False
True
False
False
False
False
False
True
False
False
False
True
True
True
True
False
True
True
True
False
False
False
False
False
True
False
False
True
True
True
True
False
False
False
False
True
False
True
True
True
False
True
True
True
True
False
True
True
False
True
False
False
False
True
True
False
False
True
False
True
False
False
False
True
True
True
False
True
True
False
True
False
False
True
True
False
False
False
False
True
True
True
False
False
True
True
False
False
True
True
False
False
False
False
False
True
False
True
False
False
False
True
True
True
True
True
False
False
False
False
True
False
False
False
False
False
False
False
True
False
False
True
True
True
True
True
True
False
False
False
True
True
True
False
True
True
True
True
True
True
False
False
False
True
True
True
False
True
False
False
False
False
True
True
False
True
False
True
False
True
True
False
False
True
True
False
False
True
False
True
True
True
True
True
True
False
True
False
False
False
True
True
True
True
True
False
True
True
False
True
False
True
False
True
True
True
False
True
True
True
False
True
True
False
True
True
True
True
False
False
False
False
False
False
True
False
True
False
True
True
False
False
False
False
True
False
False
True
False
True
False
False
True
False
True
False
False
True
False
True
False
True
True
True
False
False
False
False
True
False
False
True
False
True
False
True
False
True
False
False
False
True
False
True
True
True
True
False
False
False
True
False
False
False
False
False
False
True
False
True
False
False
True
True
True
False
False
False
False
True
True
True
True
True
True
False
True
False
False
False
False
True
True
True
True
False
False
False
False
False
False
True
False
False
False
True
True
False
False
False
False
False
False
True
False
True
False
True
False
False
False
True
True
False
True
True
True
True
True
True
False
False
True
True
False
True
True
False
False
False
False
False
True
False
True
True
True
False
False
False
True
False
True
True
True
False
True
False
True
False
False
False
True
False
False
False
False
False
False
True
True
True
False
True
True
False
True
False
True
False
False
True
True
True
True
True
False
False
True
True
True
True
False
True
False
False
False
False
False
True
True
True
True
False
False
True
True
True
True
True
True
True
True
True
True
False
False
True
True
False
True
False
False
True
False
True
False
False
True
True
True
False
False
True
True
False
False
False
True
True
True
False
False
True
False
False
True
True
True
False
False
True
True
True
True
False
False
False
True
True
False
False
False
False
False
False
False
True
False
True
True
True
True
False
True
False
True
False
False
True
False
False
True
False
True
True
True
True
False
True
True
False
True
False
True
True
True
True
False
False
False
False
False
False
True
False
False
True
False
False
True
True
True
True
True
False
True
True
False
True
True
True
True
True
False
False
True
False
True
True
True
True
False
True
False
True
False
False
True
True
False
True
True
False
False
True
True
False
False
True
True
True
False
False
True
True
True
False
True
True
True
True
False
True
True
False
False
True
False
True
False
False
True
False
True
False
False
True
True
False
True
False
False
False
True
True
False
True
True
True
False
False
False
False
True
False
True
False
False
False
False
True
False
False
True
False
True
False
False
True
True
False
False
True
True
False
False
True
True
False
False
False
True
False
False
True
False
True
False
True
False
False
True
False
True
False
True
False
True
True
True
False
True
False
True
True
True
False
True
True
True
False
True
True
False
True
True
False
True
False
False
False
False
False
True
False
True
True
False
True
False
True
True
True
False
False
False
False
True
False
True
True
False
True
False
False
False
False
False
False
True
True
False
False
True
False
True
True
False
True
False
True
False
True
False
False
False
True
True
False
False
True
False
True
False
True
False
True
False
True
False
False
False
False
False
True
True
True
True
False
True
False
False
True
False
False
True
False
False
True
True
False
False
False
False
True
False
True
True
True
True
True
True
True
False
False
True
True
False
True
False
True
True
True
False
True
True
True
False
False
True
False
True
False
False
False
True
True
False
False
True
False
False
False
False
True
True
False
False
False
True
True
False
False
True
True
True
True
True
False
True
True
False
True
True
False
True
True
False
True
False
True
False
False
False
True
True
True
True
False
False
False
False
False
True
True
False
True
True
False
True
False
True
True
False
True
True
False
True
True
False
False
True
False
False
True
True
True
False
False
False
True
True
True
False
True
True
True
True
True
False
True
False
False
False
True
False
False
True
False
True
False
True
True
False
True
True
True
False
False
False
False
False
False
True
False
True
True
True
True
True
True
False
True
True
True
True
False
True
False
True
False
False
False
False
True
True
True
True
True
False
False
True
True
False
False
True
False
True
False
False
True
True
True
True
False
False
True
False
False
False
False
True
True
True
True
True
False
False
True
False
True
True
False
True
False
True
True
True
True
False
False
True
True
True
True
False
False
True
False
False
False
True
True
False
True
True
True
True
False
False
False
False
True
True
False
True
True
True
True
False
False
True
False
True
False
False
False
True
False
True
True
False
False
True
True
False
False
True
False
True
True
False
False
False
True
False
False
False
False
False
True
False
True
True
True
True
False
False
True
True
True
False
True
False
False
True
True
True
False
False
False
True
True
False
False
True
True
False
True
False
False
True
True
False
True
True
True
False
True
False
False
False
True
False
True
True
True
True
True
False
False
True
False
True
False
False
True
True
True
False
False
False
True
False
False
True
True
False
False
False
True
True
True
True
True
True
True
False
True
True
False
False
True
False
False
True
True
False
False
True
True
False
True
False
True
True
False
True
True
False
True
False
True
False
False
True
True
True
True
True
True
True
False
True
False
False
False
True
True
True
True
False
True
True
True
False
True
True
False
True
True
True
True
False
True
False
True
True
False
False
True
True
False
True
True
True
False
False
True
False
False
True
False
False
True
True
True
True
False
False
True
True
False
True
True
False
True
False
False
False
False
False
False
True
True
False
False
False
True
False
False
True
False
False
True
False
True
True
True
False
False
True
False
False
True
True
True
True
False
False
True
False
True
False
False
True
False
True
False
True
True
True
False
True
True
False
False
False
False
False
False
False
True
False
False
True
True
False
False
False
True
False
False
False
False
True
False
False
True
False
False
False
False
False
False
False
True
True
False
True
False
False
True
False
False
False
False
False
True
True
True
True
True
True
True
False
True
True
True
False
True
False
True
True
True
False
True
True
False
False
True
True
True
True
True
False
False
False
True
False
True
False
False
False
False
False
True
False
False
True
True
False
False
True
False
False
False
False
False
False
True
True
False
True
True
True
False
False
True
True
False
False
True
False
False
False
True
False
True
True
False
True
False
True
True
False
False
False
False
False
True
False
False
True
False
False
True
True
False
True
False
False
False
False
False
True
True
True
False
True
True
True
True
False
False
True
False
False
True
False
True
True
True
False
True
False
False
False
True
True
False
True
True
False
False
False
False
False
False
False
True
False
False
False
False
True
True
True
False
False
True
False
False
True
False
False
False
True
False
False
True
False
False
True
False
True
True
False
True
False
False
True
True
True
False
False
True
False
False
False
True
False
False
False
False
True
True
False
True
True
True
True
True
False
True
True
False
False
False
True
True
True
False
True
True
True
True
True
True
False
True
True
True
False
False
False
False
True
True
False
True
True
True
True
True
True
False
True
False
False
True
False
True
True
False
False
True
False
False
True
True
True
True
True
False
True
False
False
True
False
False
True
False
False
False
True
True
False
False
True
False
False
True
True
True
False
True
True
True
True
True
True
False
False
True
True
False
False
False
False
False
True
True
True
True
True
True
False
False
False
True
True
True
False
False
True
True
True
False
False
True
False
False
True
True
False
False
False
True
False
False
True
False
True
True
True
True
False
True
False
True
True
True
True
True
False
False
False
False
False
False
True
False
True
True
False
False
False
True
False
True
False
True
False
True
True
True
True
False
True
True
False
True
True
False
True
False
True
False
False
False
True
False
True
True
False
False
True
True
False
True
False
True
True
True
True
True
True
False
True
True
False
False
False
False
True
False
False
True
True
True
False
False
False
False
False
True
True
True
False
True
False
False
True
True
False
False
True
True
False
True
True
True
False
False
False
False
True
True
False
True
True
False
False
False
False
False
False
False
False
True
True
True
False
False
False
False
True
True
True
True
True
True
False
True
True
False
True
True
False
True
False
False
True
True
False
False
False
False
True
True
True
True
True
False
True
True
False
False
True
True
False
True
False
True
True
True
True
True
False
True
True
True
False
False
True
False
False
True
False
False
True
True
True
False
False
True
True
False
True
True
False
False
False
True
True
False
True
False
False
False
False
False
True
True
True
True
False
False
False
True
False
False
True
False
True
True
False
True
False
True
True
True
False
False
False
True
False
False
True
True
False
False
False
False
False
False
False
True
False
True
True
True
False
False
False
False
False
True
False
True
False
False
False
True
False
False
True
True
True
True
True
False
True
False
True
False
True
False
False
False
False
True
False
True
False
False
False
True
False
True
False
True
True
True
True
True
False
True
False
True
False
False
False
False
True
True
True
True
True
True
True
True
False
False
False
True
True
True
True
False
False
False
False
False
False
False
True
False
False
True
True
False
False
False
False
True
True
True
True
False
True
False
True
False
False
True
False
False
False
False
True
False
False
False
True
True
True
True
True
False
False
True
False
True
False
True
False
True
True
False
False
False
True
False
True
True
True
True
False
True
False
False
True
True
True
True
True
False
False
True
False
True
True
False
True
False
False
False
True
False
False
False
False
True
True
False
False
False
False
True
True
False
False
False
False
True
True
True
True
True
True
True
True
True
True
True
False
True
True
False
True
False
False
False
True
False
True
True
False
True
True
False
False
False
False
True
True
False
True
False
False
False
True
False
False
False
True
True
True
False
False
True
True
False
False
False
False
False
False
True
False
False
False
True
True
True
True
True
True
True
False
True
False
False
True
True
True
False
False
False
False
True
False
False
False
False
False
True
False
False
True
False
True
True
False
True
True
True
True
True
True
True
False
False
False
True
True
False
False
True
True
False
True
False
False
True
False
False
True
True
True
True
True
False
True
True
True
True
False
True
False
False
True
False
True
False
True
True
False
True
False
True
False
False
True
False
False
True
False
False
False
False
True
True
True
True
False
True
False
True
True
True
True
True
True
True
True
True
False
False
True
False
True
False
True
False
False
True
False
False
False
True
True
False
True
False
True
False
False
False
True
False
False
False
True
False
True
True
False
True
False
False
False
False
True
True
True
False
False
True
False
False
True
False
True
True
True
True
False
False
False
False
True
False
True
True
True
False
True
False
False
True
False
False
True
False
False
False
True
False
False
False
True
False
True
True
False
True
False
False
True
True
True
False
False
False
False
True
False
False
False
False
False
False
True
False
False
False
True
True
False
True
False
True
True
True
False
True
True
True
False
True
True
True
False
True
True
True
True
False
False
False
True
True
True
False
False
True
True
True
True
False
True
False
False
False
False
True
False
False
True
True
False
True
False
True
True
False
True
False
True
False
True
False
False
False
False
False
True
False
True
True
False
True
True
False
False
True
False
True
False
True
True
False
True
False
False
False
False
False
False
True
False
True
True
False
True
False
False
True
True
False
False
True
False
False
False
True
True
True
True
True
True
False
False
True
True
True
True
False
True
True
False
True
True
False
False
True
True
False
False
True
True
False
False
False
False
False
False
False
True
True
False
True
True
False
True
True
False
False
False
False
False
True
False
True
False
True
True
False
True
False
True
True
False
False
False
False
True
True
False
True
True
False
True
True
False
True
False
True
True
True
True
False
True
True
False
False
False
True
False
True
True
False
False
True
True
False
True
False
False
False
False
True
False
True
True
False
True
False
False
True
False
True
True
False
False
True
True
False
False
False
False
True
True
False
True
True
True
False
False
False
False
True
False
False
True
True
False
True
False
True
False
True
False
False
False
True
True
False
True
False
True
True
False
True
True
True
True
False
True
False
False
True
False
True
False
False
True
False
True
False
False
True
True
True
False
False
True
True
True
True
False
True
True
False
True
False
False
True
False
True
True
True
False
False
False
True
True
False
True
True
True
False
True
True
False
False
False
True
False
True
False
True
True
True
False
False
False
False
True
True
False
False
True
True
True
True
False
False
False
True
False
True
False
False
False
False
False
False
False
True
False
True
True
False
False
False
True
True
True
True
True
True
True
True
True
False
True
True
False
True
True
False
True
False
True
False
False
False
True
True
False
False
False
False
True
True
False
True
False
True
False
False
True
True
True
True
False
True
True
True
True
True
False
True
False
False
False
True
True
False
True
True
True
False
False
True
False
False
True
True
True
True
False
False
False
False
False
True
True
False
True
True
False
False
True
True
True
False
False
False
False
True
False
False
False
True
False
True
True
False
True
False
True
True
True
True
True
False
True
True
True
True
False
False
False
True
True
True
True
False
True
False
False
True
True
True
False
False
True
False
True
False
True
False
False
True
False
True
False
False
True
False
False
False
False
True
True
False
True
False
False
False
True
True
False
True
True
False
False
False
False
True
True
False
False
False
True
True
False
False
False
True
True
True
True
True
False
False
False
True
True
True
False
True
True
True
True
True
True
True
False
True
True
True
True
True
True
False
False
True
True
False
False
True
True
True
True
False
False
False
False
False
False
True
False
True
True
False
True
True
False
True
True
True
True
False
False
True
True
True
True
True
False
False
True
True
False
False
False
True
True
True
True
True
False
False
True
False
True
False
False
False
True
True
True
True
True
True
False
False
True
False
True
False
True
False
False
False
True
True
False
True
False
False
False
False
True
False
False
False
False
False
True
False
False
True
False
False
True
True
True
False
False
True
False
False
False
True
False
False
True
False
True
False
True
False
True
False
True
True
True
True
False
True
False
True
True
True
False
True
True
True
True
False
False
False
False
False
False
True
True
False
False
False
True
True
False
False
False
False
False
True
False
True
True
False
False
True
True
False
False
False
False
False
False
False
True
True
False
True
True
True
True
False
True
True
True
False
True
False
False
False
False
False
False
True
False
False
False
True
True
False
True
True
True
True
True
True
False
False
False
False
True
True
False
False
True
False
False
True
False
False
False
True
False
True
True
True
False
False
True
False
False
False
True
False
True
True
False
True
True
True
False
True
False
True
True
True
False
True
True
True
True
False
True
False
False
False
False
False
True
False
True
True
True
True
True
True
True
False
False
True
False
False
True
False
True
False
True
True
False
True
True
False
False
True
True
True
False
True
False
False
False
False
False
True
False
False
True
True
True
True
True
True
True
True
True
False
False
False
False
True
False
False
True
False
True
True
True
True
True
False
False
False
True
True
False
False
True
True
True
False
False
False
False
True
True
True
True
False
True
True
False
True
True
False
True
False
True
True
True
False
True
False
False
True
True
True
False
True
True
True
False
True
False
True
True
False
False
True
True
True
False
False
False
True
False
False
False
False
True
True
True
True
False
False
False
True
False
False
True
False
True
True
False
False
False
False
True
True
True
True
True
False
False
False
False
False
True
True
False
True
True
False
True
False
True
False
True
False
False
True
False
False
True
True
True
False
True
False
False
True
True
False
True
False
True
False
False
True
True
False
True
True
True
True
False
False
False
False
True
False
False
False
False
False
False
True
True
False
True
False
True
True
True
True
False
False
False
True
True
False
True
True
False
True
True
False
False
True
True
True
True
False
False
False
True
False
False
False
False
False
False
False
True
False
True
True
False
True
True
True
True
True
True
True
True
False
False
False
True
True
False
True
False
True
False
False
False
False
False
True
False
False
False
False
True
False
False
True
False
False
True
True
False
False
True
False
False
True
False
False
False
True
False
True
True
False
False
False
True
False
False
True
False
False
True
False
False
False
False
True
True
False
False
False
True
False
True
False
True
True
False
False
True
True
False
True
True
False
False
False
False
False
True
True
False
False
False
False
True
True
False
True
False
False
False
True
True
True
True
True
False
False
False
False
False
True
False
False
True
True
True
False
False
True
False
False
False
False
False
False
False
True
False
False
False
False
False
True
True
True
True
True
False
False
False
True
False
True
True
False
True
True
True
False
True
True
False
False
False
True
True
False
True
True
True
False
True
True
False
False
False
False
True
True
False
False
True
True
False
True
False
True
True
True
False
True
True
False
False
True
False
True
True
False
False
False
True
True
True
True
False
False
False
True
False
False
False
False
False
False
True
True
True
True
False
True
True
True
True
True
True
True
True
True
True
True
False
False
True
False
True
False
True
False
False
True
True
False
False
True
False
False
False
True
False
True
True
False
True
False
False
True
False
True
True
False
True
False
True
False
False
True
True
True
True
False
True
False
True
False
True
True
True
True
True
False
True
True
False
True
False
True
True
True
False
True
False
False
True
True
False
False
False
False
False
True
False
False
True
False
True
True
True
True
True
True
True
True
True
False
True
False
False
True
False
False
False
True
True
False
False
False
False
True
True
False
False
False
True
False
True
False
False
True
True
False
True
True
False
False
False
False
True
False
True
False
False
False
True
False
True
False
True
False
False
True
False
True
False
False
True
True
False
False
True
True
True
False
False
False
False
False
True
True
False
False
True
True
True
False
False
True
False
False
True
True
False
False
True
True
True
False
True
False
True
True
False
True
False
True
False
True
False
False
True
False
True
False
False
True
False
True
False
True
False
False
True
False
False
True
True
True
False
True
False
False
True
False
False
False
True
True
True
True
False
True
True
False
False
True
True
False
False
False
False
True
True
False
False
True
False
False
True
False
True
True
True
True
True
False
True
True
False
True
False
False
True
True
True
False
True
True
True
True
False
True
True
True
False
False
True
False
True
False
True
False
True
True
False
True
False
False
True
True
False
True
False
False
False
False
True
False
True
False
False
True
False
False
False
True
False
False
False
True
True
False
True
True
False
True
False
True
False
True
True
True
True
False
True
True
False
False
True
False
True
True
True
False
False
False
True
False
True
False
True
False
False
False
False
True
False
False
False
True
True
False
True
True
False
False
False
True
True
True
True
True
True
True
True
True
True
False
False
False
False
True
True
True
False
True
True
False
True
False
False
True
True
False
True
False
True
True
True
True
False
True
False
False
False
True
False
False
False
True
True
True
True
True
False
True
False
False
True
False
True
False
False
True
True
False
True
True
True
True
True
False
True
False
True
False
True
False
False
False
False
False
True
False
True
False
False
False
False
True
True
True
False
False
True
False
True
True
False
False
True
False
True
False
False
True
True
True
True
False
True
True
True
False
False
True
True
False
False
False
True
False
False
False
True
True
True
True
True
False
True
True
True
False
False
True
False
False
True
False
False
True
True
True
False
False
True
False
True
False
True
True
False
False
False
False
False
True
False
True
False
False
True
False
True
False
False
False
True
True
False
False
False
True
True
True
False
True
False
True
False
False
True
False
True
False
True
False
True
False
True
True
False
False
False
True
True
True
False
True
True
True
False
False
True
False
True
True
False
False
True
True
False
False
False
True
True
False
True
True
False
True
True
False
False
True
False
True
True
False
True
True
True
False
False
False
True
False
False
False
False
True
True
False
True
True
True
True
True
True
True
True
False
True
False
False
True
True
True
False
False
True
False
True
True
True
False
True
True
True
False
True
True
False
False
True
True
True
False
False
True
False
False
False
True
False
True
True
True
True
False
False
False
False
False
True
False
True
True
False
False
True
False
False
False
False
False
True
False
True
True
False
False
True
True
False
False
True
False
False
False
False
False
False
False
True
True
True
True
True
False
True
True
False
True
True
False
False
False
True
False
False
True
True
False
True
False
False
False
True
True
True
False
False
True
True
True
True
False
True
True
True
False
False
True
True
True
True
True
False
False
False
True
True
True
True
False
False
False
True
True
False
True
False
True
True
False
False
True
True
False
True
True
True
False
True
False
False
True
False
True
False
False
False
True
True
False
False
True
True
False
True
True
False
False
True
False
True
True
False
True
False
False
True
True
False
True
True
True
True
False
True
True
True
False
True
False
True
False
True
False
False
True
True
False
False
True
True
True
False
False
True
True
True
False
True
False
True
False
False
False
True
False
False
False
True
False
False
False
True
True
False
True
True
True
False
False
True
True
False
False
True
False
False
False
False
False
False
False
True
True
True
True
False
False
False
True
False
False
False
False
False
True
False
False
True
True
True
True
False
False
False
False
True
True
True
False
True
False
False
True
False
False
False
False
False
True
False
True
False
False
True
True
True
True
False
True
True
False
True
False
True
False
True
False
False
True
False
True
True
False
True
False
False
False
True
False
False
False
False
False
False
False
False
False
False
True
False
True
True
False
False
True
True
False
True
True
False
True
False
False
True
True
False
True
False
False
True
True
True
False
False
False
False
True
True
False
False
False
False
True
True
False
True
False
False
True
True
True
False
True
False
False
True
False
True
False
True
True
True
True
False
False
True
False
True
True
True
False
False
False
False
False
True
False
True
False
False
True
False
True
True
True
False
False
False
True
True
False
True
True
False
False
False
False
True
False
True
True
True
True
False
True
True
True
True
False
False
True
True
True
True
True
True
False
True
False
False
False
True
True
False
True
True
False
False
True
True
True
False
True
True
True
True
True
True
False
True
True
True
True
False
True
True
False
False
True
True
False
True
False
True
True
False
True
True
False
True
True
True
False
True
False
False
False
False
False
True
False
False
True
True
False
False
False
True
False
False
False
False
False
True
False
False
False
False
True
True
False
True
False
False
True
False
True
False
True
True
True
False
True
True
False
False
False
False
True
False
True
True
True
False
True
False
False
False
False
False
False
False
False
True
True
True
False
False
False
False
False
True
True
True
False
False
False
True
True
True
False
False
False
False
False
False
True
False
False
True
True
False
True
False
False
False
False
True
False
True
True
True
True
False
True
True
True
False
True
False
False
True
False
True
False
True
True
True
False
True
True
False
False
True
True
True
True
False
False
False
False
False
False
True
True
False
False
True
True
False
True
True
False
True
True
False
True
False
False
False
False
False
True
False
False
True
False
False
False
True
True
False
True
True
False
False
False
False
True
False
False
False
False
True
True
False
True
True
True
False
False
True
True
True
False
False
True
True
True
True
False
False
False
False
False
False
False
True
False
False
True
True
False
False
False
False
True
False
False
True
False
False
False
True
False
True
True
False
False
True
False
True
False
True
True
False
False
False
False
False
False
False
False
True
True
True
False
False
False
False
True
True
True
False
False
True
False
False
False
True
False
True
False
True
True
False
False
False
True
True
True
False
False
False
False
False
True
False
True
False
True
False
True
True
False
False
True
True
False
True
True
True
True
True
True
True
False
False
True
False
True
True
True
True
False
True
True
True
False
False
False
False
False
True
False
True
True
True
False
False
True
True
True
False
False
True
True
False
True
True
True
True
True
False
False
True
False
False
False
True
False
False
False
True
False
False
True
True
True
True
False
False
False
False
False
False
False
True
False
False
4999
