50
3584950608534663481421863598424353680682940
414230290923
444160374
67170260842
706519880688859894588762740194960824781201241
2831277356699532682221359888878957161536383815165
746962481571653334255859552
0990555496102413794959087019039516103734229084259508
81706568
7609947837460793637646210568499
74243797447145084440533
091556451560105471790129842176728791470044442738
7529598849
24911656393837550789132047702625147347811954172899
4460696449101776435829869131715742949292835929209772744808601394915590832814104472168090761317991126
79111575731346440798362414095374432647300140
5860961710870924250105190094753
5588369033180084124298
15858422492354389731685800908015419
599642625523067932265895136976907853656321591846883849
20182734546784094522979721520
095255719979011401804855541367
38675012982887612076200728058306877305759749801597587177200
035634794810929152090715908287696824208591718702979858642829994039179434976
642928057661602460868140075962010533024712503223724
647915200879245653250580145052623503485107372
97704877638274521843393266131974385270132315830627082152746684948130318239085658763699
117930635862749512131210766812876026047148283922588561894893169436026
4147075106451271733579462346098049643045260858936220148510737041
3973198617313315586563549283406279620876924256293254239909075
011489596838288430099
6614008217246715352675187638405724302970851353294001782064352128778442290
6547781484082153797401325997264017065462791
580451829502146287231400099773698421544
6830012575531487478457677893592153745258581
8685103151498793835035064927
692741574047053180454282573518
1060722461368110512266148013996
107715385375109066
679382240545955533495964957490890309575303007
7003475974397650645483378607191347825332623565881589555177
2648489986268966908357163292963962500765610771894180
997148671288119864115525487865186416808769448191664796748146862768949154202382
2797380002818781080149559526302435097332809115696
8810308992703225465279486878712143848420551
82105203831269622665918632812775681719796210539732844309138530
7251430
56104561320853443034
98897655077824859485280368052040062866309
2309926127359269098444891016030973745656152725576999203952834664690294290671335580748168871
4472400031074751083125839
9767019121893748461235432194728007165929685387
9088384314917633792856070
9073257647386308999939994954028446763722881854654608907
72704785171538216147703896607803850305340540562
016092919080495052100824346685739904411348343786716
32276095095098306040527961288130602
767527748261388903
062582207383088126102393535514297202
881903295004109220818787916932318057955545
6762359234551763514964016634255435261787896078641855405139407736420020154863823041
382831585373915895683223597143300529651284381
4285269405544346581175
90019275426821014683
724248943701530906580
185675385
5573087283872364460256300
848628640318
84393812196151327271
10572390976642097750441999946529
9278873
135859910963182
574617220991592957376949713625464196461454010
7900485990041177554891307012305998234890388164457825156006122011124
7010974293102671330870542696812251486400994222
4736335386631698
60550229080009992875671
1962561159022762115682827299964527218402992279916245217338492797087
1531690344557268156549911221571111645011
5221196964328289998960600947137779
149709304973832395998789599975452563894995406315
18364246799070871934959810112671467782989324070734790
936655590242768150823705890113290296542826310802251974714
73762690331663690113622197
63959147645051519269118334
49574
0127531268309402817610821
6955401829280058843147606828234329361622010
2298033499
0424076514458802125003330815305716556508
60161495161794860793864088158235
4948980361
4929042553950567323557626876263246153522
2632217365040701444828
10398946207618447690235121555168492522279794944516575763436865125730782164409486779
64227632102976584530629686692743787298502643577107188829754132376890451434
8714728500125270389132405638397215483395956596580853695490791667322850368248843304
296490198438571777982509459799
687511148605441176549062206773
799305454510666204
