1484995133517899540639282564068143669557540081522953620
29834368177260274908
2000353740252424448186704210234478193233514049362963628834436343591896880062892599019212619765
739907791503099190483676870036507013611685842867668110054288049963679968620416
621782720457943282688307463757382201432
6797498644607821210094557113796272973098719258350566710489288484699354
187574779309722713114827708090699403748540292808701057393251
352892724947663340668865158725536872202259771556795182599546399761703655025677803051287529738040593106108131813598540678120392357132672378557640
32753216929685238696622889578586086476447417649608394
9509386099969460951055893200626923041638882864418073444664124078259479782239421994067731
1922520910399185302452777559184542526042792905942500117840
1378176151955221066797805950047317950526560275297237042209632974056911259069375248307836935094087603027779180763674504527598789747200
416562861630720390805675465624601847351224777407349191088150921061354586359448643079574277693328
11522398346773850180573726588364837427467217641270117954941065886431155432244206467726366410982827066141911729153925495686869618502434421153783720231620174
16477153078846663899249986041244666272571445361118947265035661178668848646102100382213487314117590112215994001794965074547075
75992287901291556826870174347880021597902586977847372409517818241438356846623905878770486710
3800671741615764719795255543178159311639073028688934208568537984393549314564769304
59319363744524915564756894588784735838194837993324194322498403738888587
734806547515209435059862161864766918762491333230807562957928
73179919857412648191578971589843013661810517423905462622761462
18548635987267473397076572168382641646544934413951778762603183267482301070622407392449607276684609759915169860
2789403752898704554202713273916283129869278756122234927506813702754556119726468880468408883888746319855067991778335895636787872
723372215662366077516101631695184912793668767917959759862732147216513490991213165396199341726315957930030
406838299098876282420038620
228446277398832732633276829403491150593608205873457815710843890614627446213188593107662137607999930788695775947159298055675428467139
43682016624265288655007887873686856772614538046676429375280949800414693
82461252487712201641943118372127949564907724450678464012658433888921556391015490
1170032224530341088231700938737837859776882739081478496371197871785168840120875355719277474774392
24772798591011261763932649751601937424875220977509606
55191454899775909794540654966525762082782547645453301766772725982185633885090
2588844706631392001097986685990161960118259432303480623817386572934324654030623538164583619119099758947070224305697817551222621
385756846895826095450556381856335526392525
134475201457625076168640533300
4729481484086140341763049818793503400
892244378547018111332716492874300094963374379492359
1260626859618673453886
4539755304080475399698129972442493287899362022153691027751001713229810797507542888059721176295476302886434407240
33206325639187336394534236834303996193863032358696674940048956
118833527762358166668599501756611026360674684449603927688327702634297818622003819421970377
7997256977293361044734941254239356323763781566950864792215140616754970569
2749298624656826545108256145394884509870837462089955292743683496286808744429016540761263176656198850
69090236250498981276551608935982612671821769596650803374455800926188636574593126658
3170710785355784016247272289716
887031216889626354975936198728487746711686463029262878197487770210
974542036365485138670039700151518573054310461492
297738058044119283579562241598277675422835
12974311403533251814234442271249903211552902805651758900884216
667899691281561217837963467327005695747649829481798096127299247760647689633302030306546412180865719878798816488739132327368801656988105968827908169564591086
2583831582340418415412191744065016364292709494191532031139593627757220559063958346422158013866910464219638335896
549531411117222334957862859832538056834630999692
