50
2455575349197626
092
28191828490353
6900059293286
8346737930250
925140628118705
52578032072
7401644957279618014
29975387360282299
914874
39859269
40343
71057002358890
16124
61767800444089
4318061655022
305
711
99776
71949743295
94248074666153
5566064
44206
38
460
8115119
0054428326749
34
917453
6
28586039587559
2159297
1932
9209146902319248755976058
3575871957
388821570225
3326619426
0820721
1
862592464
45263084774257
8438498
126192049788
6836457503850
77698963583121996
509702126286
28150404
80
82685636223117807
3
63315013
720919741007471347136
355354304772898
25276699
3706400602290002183
7548946207
59693
719451088210513
2060082237392518005
728700059379
0595325086
2043359004979793
565
7221
811474819921
298136319668086
88475791354190025
14
026022489
114911659852216392230694
513569564
80
611001
6585164062357769422499
14484026117227936665139
03253042138
17668
35068702544
923165043
6043389471
13526829468309
56942558207485791
169
5857719

721
534500
38975551
776559410916762
9799629631658
6092
3598
663406796445397
316888891
116896
833
39345649574
4701820731130099963
1683871014410843
0465690999010
