94
092
591591317209
6900059293286
0
925140628118705
0
7401644957279618014
562567
914874
385
40343
14366
16124
1314937273781
4318061655022
0
711
0
71949743295
228153
5566064
12
38
0
8115119
17
34
5
6
553517
2159297
0
9209146902319248755976058
0
388821570225
237213
0820721
0
862592464
2560515
8438498
0
6836457503850
481154210442
509702126286
4
80
0
3
0
720919741007471347136
11959070
25276699
428485371
7548946207
0
719451088210513
532724284749
728700059379
0
2043359004979793
0
7221
0
298136319668086
9
14
0
114911659852216392230694
44
80
0
6585164062357769422499
7330024997
03253042138
0
35068702544
0
6043389471
0
56942558207485791
0
5857719
0
534500
0
776559410916762
3322
6092
0
663406796445397
100731
116896
0
39345649574
452858895026307
1683871014410843
