421087423104160248508339118040428504590175715236938119166121325916948808335018660133452175669234644133416434024471011233533367721698501714277080694179311216155743312316456176145700379521316690176771270709116498151279807639155820611926238440010124558494091384521604476118050965444335515355930314769068351574239524855713489512869067391845735266533551
726469343878369234181776635916717479171236083584572464885132708559346197759175713269184937422086619762140121367927630411290141364182637118582013252079995332433245072616714715828177951242484347941996938309892099746038566202088496326059394159924596974596726776139805377701363676173160140176363813334632995610859645876953515545174687527273762759970347
38145744784125389375829443538175199053628426602705766393242672292643517143198282788391186466480402522851279542736178689122951583618056920926936729763120694933316485509337139699354461552210493676409711678463682
56238871144562621731281746249349918452894398963135939492118064343159547082471405255607013982179433013216765697046480998715520868203666050267831870463701721686458535749213642619947332701375386822559569385575139
332715480926890541785421945786127833994872505616787790432218318429677960545032410780593888711175316500512326288942559081805619124475186615035940792210770726979767688263280407986038871002744609660135611685653263797170471399394
0865749908254606134154846262532036425424206131639114411074492781420105457773313172369477487542360258236796289876741364979860936710552133669289602236109188798114161431081705050800280719308433171748493992888985921204418451052868
0
82919051150166974120232153777067064394215542909883416140281929147678457149192626941357752049318748755867922203707050065541331622970899907178485973728293591445886769265975987742840395286272116873107732362720676489284690589924876578631349447604695971817190756938942638076006914513781653481224740392025115646723043193567224846596277780500191742027339876977803495731592193023618670220073729995164041813035199110545103089723715655982689296736325377851542482888107344641306717343697906404031362560205785488255067486343768613292713351996526419528852501434406113241913817372891907318252914404291761589727318704882471469789517912828355790773819509684782761230039378977723441334103491546172304438508642223808228474804
0
3119236702221001792794533405182879788452684102269267533338981728394934983317301609882045721551686578629099661486135146443514221713432602741396566503222520120444542986724808208082346575589850508376303134373424239653571796441985631970364869432539861860034723258389764986919858164059985025040294675313929756081591337245348621121102500426232830647743339058869993330503057600386630005593659989877942572254482255068509800910753999632885653206191385125152615331133138630215363668907609608763760757822249082837076406753814161234787450378170647294
0
065127513290967678614294463490560499064518387068572225117044865590583971062589891316646792753310328469523961021906360852927633237515998556842951481919209120624757809090079880942412637574168543293699501405771998548659436428380473909279886671898173514755523408105624300141804305094287253545655551967738031707548206497847379098151898082340726338441339137164620731878917964093678650257734598899641901774069835507071123120618406740083494001035082258653717940347644298866839368057929171581628076984286385100897611545365574393075046702964363217814488203242957110102966828422387467352405590
491946194196812970455463956932341636901910063085311849419056801874231993217427013633510231199
737545412494176989518242023100923559726139322338946266023434367522530619446501138640309064775
0
64192153462949828573349391289994221268526888761877068380368863954614157881557137062507093733335879857718879893299388254100160476977456698282225973791958972719040664391610522434731317176880465567735559269437662172991898368976225211396329448431179905879390212670410462245304829652570077297194730241302329185068364522693120317829393203335251455636001799548679233595986527039238120560388847952276618899673698668570280309908323381706794586881556513010232423724969002970520651935751947847733411148508850971256277565648733644006630731802144876176459962810520747278671346453708520232284466959352937049807851032237431105061440529915952690263787242000972055395365442151140852799830803342050765617641934260699
0
39008606054563264235041627974464292186015343474411890817152809609288038242876444144308347697311487280663134787052260942486218341237844940155758022285756395378627008521994909506479258540298573356216810222365135217718396806097627766497882968482942422261040295855667902743940584271838222853574338457832074420654428631560769826081659611799254440187788211201441834874753037932199975622137063920622933948685478240672157762106077186063339233530151609973114704359191946073034488756198564738105842201114934678984682892860607783811783385489454622069536355933549402160859946514030558833748346762802297170642922657847404102049805765442803348744842203404898958442070642297064900293108771548591444613397756433912449
978857135559803051834682952075699469250433545747425912210178713606126448190277305137400642569579826652802207811613
2414857324466578547802406269953086711715509568797135710088365377114814718356864961150867264047363219732935096773475
0
4221905423439787543578938165261648521948178602900334709600122467457789794106909395141042337134187961122314990546732699813148989613902581670604193066412690204660073771205325829070399426905083943061494618546656898400537259689436657748772532431039251194619530259068409886704743072793282002504591016973637274774497206410536717749614447618254460477939150438495509893571
0
6398554133635200423082673389064044793951095660117534875577746685450556378983188883471269574448793639802416336414746673122137866608656703023416467510287703173584503800080637143631049152695807565798904221065611344370756388660803914145581159859679049812722383700739396981244418679462825092462240909165902308843099707635371086172226083475914699338645375216737889275664883799411482873093752646031679542929385945995846775832235602877028595946331303762020393795221331793105729187424775787207645819718836626901473599250114436059812695373762765324423977078372890755013763010323916636924165076741799823841334441382166481136300867534769937192759332077711126498393526318674799123123745335873656584832660986974441825442652707107749928088053971200757596781
829224742385249212727172630361240495818087670266224029371051176448049513296207050714082241892234370404199146373489012740360705827949079624197964069953526225718296063809958832263421824346084537651254290247230390423368531609048014215379199632272852871668123
1441680372722852992831485160971796922927213053888302304407206558021702957440090907295125045715580916443280355060600964263982464970972788414712375492407097142740589011257891507381342791769128444383595470024355660841258504487968046650157874211788277362809373
675837398115693001021339127097336805062067564304860282198987761978610386381902525170594335934561842631763812491462559634240856779848607416225966335560407798248200779990459
951115755028176376415511420427551514625509348520445721706868428511971376551095611546346697494282963961880070670893939038590766571969861624741163339683818523117121253211282
0
80382705918170705135275439642427770196130161202653014715705296127690711462910931619329521749894522313074212247634124761752250984791615682464325555176749546822145742756295867211145789980603726744347897423721583079229360211541950246498339068305462683115263548898126755005449004564614534140125322422445206034119532778136311759515925101773853142737384472245582033312480450816151709739954754304402056802483320090256400086507560814837620804396252232327628884051723574221438386750676848390901960530601046284333523121454480602549167310151411055305889952385073327089916725466774716527210560439755109517525614904873989609299876507060839709219440213533289592842676273020828841957257176796848159130917865708128030990149353645963004947446680604307731839647979607361157612651896070327
0
9636326575167017496633433422285741648505803190016823358140735833317985769298325826912775177759030578640415137943376348297689562890397437136825362135048840662751154024816794427979928690100607415929863548427598920478082174490265963199228621662032398843299909080077589555945492448894017478516593330300376610495563992089516695872282699173856452401841921
3193834420278309622339975316336137877781333260416660058838031023133129030608208684286236051903738403768441352546527331413481299388990570470291454882241188630725860
8933112812668757564814689018906099250038106466557154887883137110208631222680499520421168938481406079754603553376462367684825473542000144600875427947023222989996778
0
6324543578839339782122839845809436954389783746826981570303090272622904925494924527256724855195169918778926842349496777743192999813058709400914985956008958578169487613013126108305122198629182052565402591935851527994050039362071654927545828415676364053909597370231638111158816340007103419447601377594000492115683367710994943785323380961226853139783815086814740805193855200222222978736866696342924798368147598096567125390099494803136861632750496735043679685307078618785677538705285909811118815812201189436994038198537630262056182211110857833975798849673246428727138908587970546704584391036629571995752794795000317873245924205091354239823024079214034365597
2040100606851975275284480748733357346094634225024537092369555006901674921967142153947658840896138244390334079785706641247785882178448603601281149830990555219525799343319962028939020556373910208605321702582637041207819087153004046761088246083871353532568819301290702087451291711361
46860691558536414549470527764922921924601110274582581458389342178123523054329834899541564006666707377826971441386428252424820658148926205968120150158177885437977213349334287883966472271928889219395097169365731898057333812197164047123960299347754665689006864416654795529123109111187
1146675776656155806249324766298187647735060491705646395874512168
1444148924763614037667107392223072592750285636732290364332809152
0
7919424661840245017836246309074719011233467786086184355895106230306520206289266903532140809520009138012870901206776984745448517811676471692947234276422811055194899598337297254892458640761337235485916051157526624219729628744237117462703362800999756095375168122094519143057632281105257947225423052422812742893507683959157788489083287955402672332824590618023713009608265038187942815296642101275113715356370320637942966734573029272377342197735058014365956462415256491832338148576073519
0
2150784612039733963265992577934329774558053660786537761710628896808443784578345150324472357815452697378374565721847384209763934064082740126399605856292495538339167988962837386788069202434136880382816750394722858731540493492009598308689361819998330754193832204814400754026971125513171507381606877325891679536336225223127100735425730784403374936087247969332476802856277015491857049083513481013473314349360597826314284545069884053105985931024768500515672536640754693742536870056413396
4652814050190629746157007841536813748306387993710895487456427838707813744263873345705861222146150330533099035095409832396415078093411333785419588540081957099270858074
7185134646866845370836463213672428751286352302512392376666000906329416796763178667614948716310548847137000053561313872428264920193595288074020180592972700896521912402
8086062721109387348149089659298049524746170214825509766189456325483657689949253479585184558092947896297892552598904290592
07829699393943057079679086063827172755810749556847562636780484833980428570159861592506945543265013127146624999452118698299
0
710413387069757833116526899922391456464030005540284286219936420781403263565082639922050348824789679880270985976165906761573085686387502024317750128968290237594870042941624375904655434732205412041477658094006943537717510161957007852
0
9990936782109340173598203782477682581155753479385728765250171698875478483254138618147368242635427779508291190903483863966393164112343554304578356321714763492845218350387416649290240665988806525586732036451733409233893215233873855715357329471801298231040266780311065041348894873543169333109349957637381445051407211227697955184326614533919203975862113813900043363082981285005867564716883702259869875664970142412311824890950047403347364581455148521081593541424031537949587225680622566922948085184743013397050167149832528601444673052294703281909445486567198216723192348349707109542589466026255189307031578826114294193888012495050662299846918377035589299680964533796779485262873329286057394155402897892706480054471066054809594184528143102632474684995372616807963807445563270911990798192467005126996638929495709497560806309846549678091129
1303882965476161608989352472316639810702317065950402935669377176846815163976179012161638703651869464344067428564951130214091911329451908505016352098059280389733120660340741802103237603558066583968845515116920263853422981564883063284367558931801838102
7317064525891950209694664983906366179746948927216640805466184688842775830349996561728293430992039856024041993713795866866108401805657829193055992714746383118709442621898109277949587785304302701066035824040944335679418243777970432623416708792322937453
2307032653994329003705177107269329208943577198699502690857721534428460826115350982209882763732474522964267299673263921953113888112446248387308231813547903408996085824573863531300644143375406455603141615604552728732639214023558442491314476145166854610136583558360219854285259769891704678541438371958050160760050443270976773963697730749231535298370954697682749520214541676600827328261447654142740531951498387311212348139453315918906352165371016397472477302335
4003256980528960202053578811935884689461814362333635023475366534009269132276185373071812207915254876640535784850289119275792335271958529614250406179308684437496035510698026129979961576912147640915348901313263409218011894945328383478257873153991885651213432674082551698616083772471077604245223850962407739053979507841522078614633352171950604479963402669666559786407758332224429940684029563445117837652790636863394353676155403514490955832756598436835681282877
953647815817162848837828745241410137662287948464279620348631965172898365632790
2386555918851090583217338612370552897096756713404223219839301228025131317872279
0
744005614731198550916095078582760691836442344258787735405242345925088970660178488907438196988261961032074242967320666339426213199317902359495033008394608742291016908969016758010417259739334826348624066810424133045861034167697063986933092077646793760109821201675478681087389512444959894093260509562871601641467074424659461061309418193980566804556588635865466781834240145179972592574296079548494982713463163595875273064414669408514363282077056766662548157672701501595698897357456003852770111535225963918499699217226985605784453435470042250282187835999054935173800457165384618297110109113447405725368001748740680728810523370971151424241997584592456197494
0
453595685343502183946719178148742882619659893208666422855977958655557291321533804872515683022798765049814862021496072729969638374920662028817745054091240801407115772242155393806613614671079078701639157441226766579623311089425022564207014681864699449019358819779320105983551637482938237933245765925550087944791337183038493087940369552857440454272085294772408851448780841689505048056542150942522693003267379836495861654205167384807599433553751057684216737824479494565598451478940495800587365805394191402407748137746944833180712139310681410031588790620708213467577881768349881153995804134701224282607935249803890445033550901609990916425604247603055973578256127694487731061245134043466244113221
63055594865278090534954813754320113376600411182705457789077620988461325250297182130968165051066471713844214277116730033366782168826511427543069440316595848242464032618157833813795534300129957069750196230592855713667141815371465613075129008840530662575225035855344154544261017799767009177063026869121933628113451892002244089165442220748723041652746679864745824198578428694426031311564203
66938654677075404777257386519788958520267828979048554120330708200147488789582093375848880855740883353601308554423648608341212641962208738628936230656616316560515658164308543819510267638689702588846930779986202239833742514410469966052702844591127862390802153314861618644550162278059646886551302157428143191549831986540291486859662139804798890393536572829396501029724963695979784769662218
0
23139076397985919606226220824870687044112568780084587316150943024653055943445438694741689713237319031879531278139196395286340068670017316423066495849249431914573695651306704055924062496123791384643667353655317817372263918486309264579236648457602462573158560081210515961003398510101117326515029607345805089254970427110003532722087354477708254079651162314785398740455896410746818257751168326422956941508292242857062115411320896874138358013048002019579096878539407935452984399512652291930015197475587969342807337288771281959905304087668709963620980093794084931969771729646129940797705210869369752915116378703479451398965790877989841981170458155134170483293368968861599664470545461946590239568657168386978866818367405759505838933326029220039759226213019329048897840658901882013545892428680420
0
6534869684093675430778294100691097720386919612231396746129713498020096933490393836053745670030322576677772566578968297633407083143489423652564587518112267239466607126959564941438444130186713523426236230561117543806783186192828560349271326250440430065403446603490531113448325953182760483036037577566331288526707557128405882285415353253445805503124164844293207726007961442486077567101904565401094975483916236233966709047144097605711394901802374281434472050191
0
32717458221722658090222411519790356449921649424273973218845034060764183948804255949194079895710931546864685256382042780195986210207870287572957597455521072196404474824034315347282453284314402836509289456691861077604938643885250892960333621554912475169361540750539597558465994585913924589286542612681352890124707776274671462201666668472154883097168326436977946878206172522692546097105778128799983635134191163872190714740772048018652657991864266743283648430720260705272656912327019500189351275189010539553152309382928885286355564327951204303555366836818042812975322283024859886227664652652277767541368030555851070706667514719535708984695805500307528214603939741723078185456416226824074209633245020562606540298193452366574136827074492611557264471329562610969970990774035570457507480629257176517076152688899204723713612
0
16597098353248701987301435323363163763750024824407044766740905604543935663285753977534923622231268243711846099063402990931326777070622848588253145989561727501583958137645334862082134384193870037406009736204222318391907360750204202127307047654680057370537120756701800639370682935183662325307880596465272869519883304052243545223798416870925812031419294480434498092108222638981224230986537079835994838365128849425264
0
39837024394624268156863730314085483435570771319266525620405645780587951948313377954307400264335957141529797682400005090925703088228624816102820749134734979648499358669202913098937724816083586971806162229305038769888985070865163480514446629210308029930581403361797084078869989359400380390267454386322848153679759823632664613868670540659512275563661143827669380820540771583867066996215618545831245
482234461438475330169424578692041580528443610609061877703942182751904859799482586924330652234433048859410697024250970681166313713312
684656630690503236116121694755493725021645723498418935960474736301323518712879467790102838671914725402261537326893641315666529541367
0
7537186243000726013740769719308925939635541056137325624218515523017973357066995331256675508411733217875415396598990821212595913213379538563253441112675017174995395884064865108437722169579681323899383094300313788714766664115198926824029277171255271039178383754688620742559792724784350270052585043144617129644656458519000981804399344781177690646436673536402983378790689421028641086366138999034186092798970166389848430221149287795277185838305347439057190129011620532282337624914241028
279517757062621649241699727183964599092509682850992898884221997836402270047758022132805087001576648491477396647690199109963880828350535771082187264625304757791581063425868971067902557736325766934778192215461986321790422470845974485334885061605519633148663951330942713682066114288479473220601691820426237744
2525884691423262029125539720250015379309357342086136409672385358733827889291347381829747094869052063170361325095130790916056193326570829756819323377990693670333996561471435018415297198305274974268372793452194431553047756509257177600143424384806778065770525163872567168528650629178233647849404355769418664957
881359075177076541383937382373543077512609758878222630692543009509667997852363427129934735070541047938838927258021272269993659355049075092231227656476224575268314406777830003238503791843652380164782412130232464723208613408464876523563347482708162860428411355624937446498962665156846366654886161942220706
3645289514411140818176235908408002937845218512093184579083385838353951055406436023772922772528415407282301839233031788066778556050737279728335855352114590056310911104528305301361056209914772052907528950786906281215687493458084994226594297221374063972446541591849178188262344909210132682001496718188089198
89513194263041185072088626829281660975350328082633816108297666772311790531789709260971432846710402815071826535103968759200220806750540822032878838668571671573024111212691156885616478743513337611774717271710343849315122121528436555593250092938449727834702988439235332380380573109595755581990587634452485560181339974003792185390586122410265732576685077110187937908886379810367155724
94145700761301544787667059853946452094735477031770878631467406897714193403688014271648097113676703059611954342836912325508286125485913772312451694627095493675479979226670801633728215338325219007616204204006933101312750406859427516600251085805703402950791731761494609143551228910400774753675117199430896290838455357561776347086689032390332552051730898630352484756826726212771861099
7371706535937735747096880282616838098926678679070874792074121077569866539399646327720719341980232311957854843941419684859458355273536629172371246335691650090710472702802913070183205174888834534117056928456514384612739275438984037558
69781888482803809680765989518343406453702908974723250947209322170523144402478546913820672595807990093485527527590138266460707461605730954865706463718482762147541713288443780393831553813155659012163043015382988588821140054547559619894
0
4378578090082142505556731624987586868883679315329632775151389755147714997477707004560599589252341434684546414772361427101278090025244565165230601580222004351288154348615358887829433647703310997071917438504917223237486624757224094878023345352288158824128058735237338576796323267210705268492426818081008220700898425996833610793321040132106519631956874199391371325708744208521355861695454974674364063525877808918598628824979413481747933411986247058422990513919289452464516742053797455220977958303891990395365034861654473236680700533715217696199498002842284291568743656773110514092284668983782978512064077315695524664157204109087229939157940948459678405096447253480907227304315854547523049065872307292535089292416314080011497949100057808280014682425095524680286053486339255550657646058725215358
684839474416738280579596285572653517644158241283776930272067106387304525667691278663379840744719758511106845989136356507734850197640908465642335832119667065785471104457095600912996288133041658906300311721532223154640153007560535910831229996593362513665277004655595464166
0558917516266704087326668931322992861366703444713816825465500001985602920501235957874701816462393241560989452517675516217886301131111377000131455879042402576649278736599969861472463577056230072436699260587586694723558416885072839486720116500833380828140205519436239058684
0
8523321184720532575577607303922758614307470515558181462613659356343946578023778238366978937571821115402235594469171300569134349476584932047585732504575563991255666494341794213887883641995127074565812142995177469452026671631760761168022454864305084133857204707468064218783513533411521749133553034000446111087542729017242351848514274342822957014643158571626732776207972742299812996205356965172472517219479995949153143260550977435423649783908581728838303381329737753629206003872434430387862
49990209875856160783036819079018656876013460426615377491190760942857349690216305422090994291915997159944904038956308086913873753564503635219908752399629095912590977685857539425059989076649400423211892150451996684092812533530266598790
76887750064011470724140966192862299766674551886526135696227143227038832136889462631116523306779846763451947361015683947719695045336552644197331027263410304178866389154125283294650127692928792546975032742868596649843022062730470091530
878254234598761021064927338893353864998427525008982289653062139654331870438428224672554782675900020761903983577621541783373314154547147261142987786535088
2543839221704795191888354118032221873756140091558484926872790875245620883456523110426759808269586562288844093937059374367687828218499113987448849609232504
2168671384365130170367397346870382546605484062680427475789073254513768109981753505231200833509068171126058578320399153292294853947575408931123281044244063847666013563176779418195231395603979579832054936736188300100220230985828565964186658874185412089380403559344287686334970754240793059295461402711935709456796028796655458003076335286189407754521146918119638725487347946546796597973371241409083316742505912016818910235259276813706853105833235839692095042342664738336084895832150434944921415658526108089463964026157381168573590636971307311619379159
9657527588503501436197029549215140869591036513473313820728714821719146266728616604365274723999436577721119751744025940940666284041558720894594799476048473375079638060523382316978530938056622936177341583277623625497337967635178743801288607216462676508260044853625405571708372014488447219373209189639798053052996652680799211302482727459851513461586333565479128744400213984956682056060785807626053434122566691670446262635751701465354174952255542088569664903375893323413150621648514061055707811436000278658083505025559655649884604383853888517905083934
0
66391719703265307923944157966182382335432141060523677132912002861773375664343744581914230339602911301505788168078710775059794561309807327142974683192264010451298405316572440350040795039966135109787657912401329706076631805555030160787997443748462361501136736733362216398431144466426809765475617727208150892306717081163123873832095977560591271744904870714454328035902991616918911339572931132558597621246971756082342183448751945775655137308276714559268193766961030251588304169
190673163724317968640396054125083987207638754876121343635750122991539828803583175344991577745653554820907668980689581
332163491762742711790608314084276041404770665965707907167579637960481346565888333756558250953469594350944853081541192
0
1164763197100094806969277931794122949768049105602179335804260820451067410758946701197151035277531800525152576739869939864583970602376799759390132286601277663867880407748763456356066661324002364827235550490436442865818461830175867520269873752785522987581396348052631582727055699053644852350602077492916992004282128886482817449165264997006996133537717331125287588974051806374510464984577544714951698081388727484239070843023309776526302478317048989634911028377000843984169642224317721041394378973872081183
5308732223261734452253944542714459093153276574621637226967600911739319751313771479602952967714025905484780654379492067228449788954113320389938992080663107990797405238282558217527602924182145012538395691644460501308249847837323826109725649066
20775331810877431707963639770084890625294310986605844846852380026299856668047837978552713332292074653995258929418970542803400501259481084058150106560884266980452554281816092264366674268309513978054813984314243795212762614509229738782598315473
4461200532315128452762896429484819539894623671336972248723263317087300160091985579230236399691184513642533292286528521928940614955461008852916489838339668472392040442293260568261780516346872358
10404757868954920621141781729581377498330043367388394449454692398217043289741349384392513227426855480073743740449321598578326151999358525789360472728969347811730433885362768265477046011377068402
0
10687474645871208899224223122721501556637711593354731529098967499971591667318213876709677833958124220602003713599895319356020354864193730274382479835927459412651999023732640274627432864690182286779812981944371392491308250580109193431044797751524856564341429670731298206242280401814539942889972261414250958099078095519156447875719378259418505031123717956238024008253776973280113185257523223439778172
67398310353429909084828127767776541438898552929723869977966923453380088860835844217262180570898194504264555968355115496937390301881196185498479702276710374458626443716791203916440870295935711479917574755761974188307232493
514512764769758941805137392067720329020556517077086303795456783698579802795640522524494216103475982595173093017191727462672015988296155908101119017718497283716468522713719709359238854289769613094256333129730346241807751121
0
46651144729246930081529170218374993160437880071091138504617469899052183188358834191316669485754799757712979888653886719210484066120640256795664398634782361713975436040437541642255486042915360199104801116821442094900345349031223624274177733876061802163802815831728491663
0
081563045430641847644699857136302548258891121364513951234804083661119435475933481344868362602878050904138306138185014036325179883995021195464103287905110068550257520065155960825898133973272915395687284601263453401698141879910969045790068123094678500841418176213195642426221534091220644527813234055046880825491535043636265293033350953096084331634542491262593974001671117204568737121806613312320374256321358702334042041821654069507190398953809906456087605411592365639290200642579726105763159590780446403075545
0
368149298810609760141120618375580132116634096527558835432123815314013436010262458934259295312407221579491756374946914775535119649039596344525616219990999795383726218953451953572438928297998445937512544710378671358861770143441983638567412551259131913520429976651882217286134984474595916250915123897658938538838
5370614271325188124487149676942952510924935763727853084119554732838632704985366752453887890581399041906895676
79298990521632276811458883136740700341022061139539825146043281075212048500828747277476284943758459633331344336
0
53879252384437465459370538987983993249270553132489404365296178648683922504965105051480754705063373037845885520615685520210750952089698014085550211892125655394121451616179154301433184376309332848815149996636847254210772782785732561178799172604890442206988934510047904060404818475075981348100827468835833320888259335392292845
0
071687912527824355309284544573100517780952859281226659105864400301924225131251732839388706005574442093582972278156446319800922986135950955473007580123163377450264492483310503878374860098599703955024201554939206217922032495989630691424508760017633227073975666182420785413288499585011160303823871774950816173620880709158084958676918115922314806756253754808344404545352894573487494098766705038143981140163722258845498365274778345602406694937610206317050439238237845846461031049540273569977554273854202017095485992
6337648083129590594357092090474617381232467594382302098132610589481793059388537596989481181981652867580680757778593248494318703268668116495980878172668711337302053614625202537585415820756743343467246721288567005533
7614479965351797930942596950204848257435311647530803394817309558212064806637815271187099166100359240792360515285802637621983468123756048748286163005020396719398377316729694721021303888366211825115061839648328285116
318971485078597589947997289183945718741657681742884413659943971561380167765591524377726839215013156110640463831040515899937936404149065310336193819898272259362100622342264792266264015788814205658831599188891502033488720053754082309802998609078003339039291360663784378295342799470297876962853150461344549785400495086460176030612640584064974977574495832329988293878119443667944250006660930132516085048347630376303314832839717742371486654483386728200784724233897316539025180733298807384984003143583053521728818737725970085331665876211527901173722880134557900506369708718149961397696007445012760398412370660508999298182145273599277149731673589070203837479188408769136732949182779297844515102442871723018124345118596547345848056378872838205
721459511624624256808021321551950255528221447023021645574599669372668612649377018016240162260953584712182827758661493994198640277001697984663697322835227180810611118876930128634245367838836873720827080683316820883208138825746456844399620959277768601608914775228333641015641244916982917631102357154214344417377232921904346242655867956836532437077840634321327668140960311922296433466215080303149447627171129899264854117793026088397320922695275738238847025852420263255478535519377837681052309736949573399130315131004068513607445247581178622406652322938182580469577574231073932608954686880437622481189364688522398693581831499407702938358261330468177061774466789377879133006721549726709158184963850600516405459811739198757344928830888527451
210698857612903615186329979591965406737668055027765009409695899786183690147946638410409842709933813734764236650821112718230954470337199775761359084026001613346763507675471155550516158340564502531369719982981682234245934838718808756409571467154857023034503019823672767058976260115851325895816557
3033307001053969280181529519467466724397318325606193846998412612578995876688825109172801407659752729915824093829923217796386251043652792269789015731885784838048931948942921646499337296649492026512194643027942527926535686779292391689908567317170897386517813738616096603075400376734342237652652788
64622718743264294904391090902299010165443408945423331862950939557481022216911204321881198430800429972621929429748645684114472476492196941974793573960657320950380453143378517025795043870050415422648150879772526140152057088229763074749419483436263478414015662708225053585408
90105362642604378212553275357747137167517505248134665446453836647468640633486256892023904309851936762728675812443504483479011667415917368754375216382310620397897817531844921743231035268518264923411872959529262370556008238548399019730981987412472407272847648031655220889605
0
19930319949788732505739638610370147696518281703877614839497450645270531249490924604719207370476320597340636498638814004077204143003361948543621616618767680210285986539078479057629160122954588452952294722873737003412935204625685395448780269826190595204637823037496522874727139851534797404453221327736268004478292556032271824834579451228436873932358023096649699615241500431932384841517302123045660904807383106636631379031351
0
6764237314687694503137704848405166093685174345930986889190850399811219651221232241358974318705573555952800331786648075646876272690167903194710211163528460915522377979867971418324537952644668673922479858218524885244527400159442728928715982673286642998534382453329453244420527590300549086036352327964611340148447183715997756
0
419651524555370429534720259693278846907071845814450183294994640754560366642236999112081826358914377285728589950374649857260871520043827041556147224227589628125376386675736056106789396295987754758375094003432407907160890045282391587638906263933022196101960571619148054671679817540972855466237924974929408968772711688836062944409047068704146437710655749066766510633850579
21790352378889316583825384476011728809803935009338475989284079950212905240805413767267047162383564260787781416895081446098572404620098420937752717733727594829734476382547952489463479341053940039613615124316410392683363401394403485953089037202001160166676613945731100912309589326748438957495685878332872317099438588945713187
69245988125969876636253103614638320995734538132916239616705173966172951793012811791352473093137333887259434600060985131532150385205166964499635560418215950983018157441719721194822017558243331246762596644072220750078040686869881582848464554212472255234544632450540716383832162821482483866387830543033317361600380522730746852
0
61196572878906115963379094774126888137211211579925061759604061369836091540829378693402614339087773573801509660499509542120652892232765983673102039270744584639347619045517544068963644135963839090439376852058749434665914951947092055104828214463002039735228757447521030601045820326153841272997599460011290936121148966830201096606021760909576947185106046771381959151609934266
11209524519705685238380365105961738921692028457979912334653295471238270734645873979164473309183177333244836936155735474596113679386503855102246673957799148891501824659311808330558081233259217785799
403962261309464302044900637791040740464930664148861152835622255237690471293786901685281402823415531405467196478178547818575171200135752277569135426175498598433478888645676399842149783465350705788846
13117422031656412288076025029339529148083041257505032341275335591215234528872772440137749572172363026757540738138059630617942947695119821828826632578938084775822378365738824817959342800795
47884384672786600793876730858928373081916204367225992628970481985006482294573365819445498969057397759912671531080001961421076729349453359245000949860692228944417305276477551745510788558917
29825588524741051337395995898698736421660223219401586876738100773798917019541283720157318176799515006602649706820174667441649815948249911851954992124214020163099932290521367992691403375176708940030
73429270277690756611877342085052659336921772692731246031898199649601745774231509452501849575181594122249075942021599533712873907063503687660453780346982243065192454885520689693729536715848162773786
38840183048107558178075696611858842366506874640335144777329534364754736876654299351260824194110842434122414541890557839519844988934743627308948745881121846969404759025009274601308819091465134679644789708557893920894988113417292428276370965708626256479812187608480560952438814095589841414920498
48842836394503074049731281826166973432238457641798342726991292937453863551544715551203418820491770216131875886598466043996944074066133622222063425766168149290430762879587714507603087517416360606265337683762688425942478890617027582532507809347794914758901254768124771154844611796562027751234512
0
91639475887066118209961239746199841109134946811681733183880669298383310515235791152448161573412385888844834123897980795295453268118812759212779173373439391206830713492452975333545780870281622868143999016506256318226367169794777755227443512580018382998223272183086964212448134896747067954489075820228145502903427072662446635422310999132798984252721113850402469556344994112016893564891837
0
6700034388218828813299679924995165564098537210226269849907391235440361336535804572605056928871840762148031411625111183789418020931819898840419754602179129161878164428116954548685405993280389383885027809274883504828826062999191724202883623106769151926908785445081503215853759709871940279790717348338069964881020413442309081509262554418326563811769490985608212206127190693454985082044722544975634205001209909164253981364272352192103975594097817188526
899998806049231351946781375860548704829738995312449990639673437871706900030474620173557312581426679237645076822039074336189943158775651077300458914195903098405934455033169768116313284479174566761297829106542609321603035598859607569346046055886874870038422271529971340795022239216145610789341352405843757251160228147723253447475940438719119
0390011990927043964241738954014257674932107205248040075674262344395001138589893630772703445797451981755114312046184145817815221653862302707410864554517714410192881455603797288914349664409507784751313483535777157345297150776105315091708723171247500251936333852233522047124417434244039931649535804222964274011464107768574852893841276335436742
14312854583968766105550465810035378595735576261463926939732693396706410244469855732748415730789782356284147500213505620237541812735390167933478770875084680045605286953488153707367662434778788672708
114176987371077665283011322220717071742820576071191160350004941584943332432381623069863138303316610174911040691621162006688146943825704044290405010068641584422126217126890951208952411130714293016180
84556468146953817292032623070208523320811134040266111209744838341342324039522179802381298705922208120955842721757329299337495160393852379287280190021510961728213636
334419718076577819796763498696008147286593458104208051456516502132163174663939593475933119369197711968231130617113466187049024080836127996379975861464840201129260415
6675194196089424590008332141183523227197606619715943815523365888628737253047553214592942808850666823642860174018863061562312841526479013058103099128936033706612884384739988422628653691792923542315393166428689901900795262866506228144039159924937053893
83002075969944728661582245809776100773546711682593922920970092884381290790565997396375367410441937206808549769430966662918858453205341675021465669884031541056224544425770962986566181662580873261067681022249592865433555417049606087262817252463471672882
0
3000366628201385752550709909194443744864194749343608007313349093673743720505534201712519716649913554299955944465038796868443535607834796693025674914617524990376772735930267754933872
0
49720544363266463094628682276683217289217412723918857620248792924341717207878518023843755013870109852650578732266868305210323292716362646338142794167155037250589350277174938532777519110277307209293654596717453451864204094305516091058145106665105888593327165513267876475039013367887853501058972158996775820736202596835341057431772515719255356351887771553623053672421790880340107633539820355968266260238904563836859259286185603290639837260591465406246033956328931004992044451072661566126063238103259910251844999375310952296129785319772055611765247121055
1254751372799441719699744961840547811093214449591297537096146705562951724526756285134455379004240618834422399621471992018953704177098869355821400284560559237902151425872298004605739768831522323893027545325827381353617009241761
8842785139952033218882406612365229228703872466427121248308417473152580056693516001501475489301061584850141218160673839301459839532723538739058208479925079506735499782395993952522920277350954688227805282099556854652834634417709
38087612268442834406834519984237467566959440785874323045063956
82525583782518365897383936066585578494554078351663761379389743
26394748697066262803062045602404523133170293794903269945721685440145685967057823044009286015394259824588213674214350212241765665773158426199736237751702798359784385663
32967121232509432048898225937132380101202294211473298088850861431456882214803514893183974962507423227523626434175563447649652100385732171921696501890632066131503015476
0
9163836728256068864653358452314748655915042920513285741218813010582012857677313185624045574692516541531433241451556107527571044731279885742469743422094358923843173851228954708065034638100892794232252824263143953132400498154688318382048647537031980706739163076956408739107483444874214026508205168448981394118740573377898712716078684203629084413723310457671381756
0
34349310086455769352354299918327489780106144219916081446583631802344192568164824988926630607408220620432243005651179394121064901248309739990985764700443731462632159694669601554812379666536182018537911234438801644698701242732070977317031108447549378016315914099938613173578069099676812299410915700847691691042335265758686949680992986670816076613432457799124789359188526447906160803587052701074351506137087057
0
4049424345890002104414650258311201676417532934721627756335268467308937941272037979054798571002914601706029997975284142542352984263489064035923577873273123344368499202319789295473709303056619688407097469834877129535803983669076510097273547683498309865762138780878923008172390272069247866445769424332512492546472016506682235420527234636888007951210764943690014284164345361199527407
1035345724098025033858764564814607514551049998279894017603211932017603727813196912164893137442667031087580839741841479673806871919046392931711798764870876257896964045086796413036908443848637968436126420878899332465245251491134002077875449097249144601379388283165
4347175829266238631041907805124735395048356227738081415505775007631008570619027190104968930850388703978322444515331008803780831332475487206498797785000544999189685280433383177692312190468153808385893972885735144482731114343916518719841942857666598027725184071244
0
181886348680004116363337696474097955999531972089075749401869041618033988025957721788429700544074524996604403206287669674950867284630607840888963555468944867576463951326615914130057110460030312530740827753382750620615688999211628446666716099699382197843030328483026963
240472805415827253912753371235457842064618423613795362690846934646718508647450411787903541671542702847058879312987796997717612309262341147817069671454910494860193945332
524301753728187523042794028639368683647234167837846121884732249278499782889622540044227301561442034919290618022191536004383002011869942303091975407517925240872878215125
0
65491571747127720504592061986460836466892975499998297929188367653555405418080466540683856396983781858420568358913060723992082032901142089031686051390043373312626101354658397378562038690220766169084514583969261048711458516820903363382990384438512246050961960228013277605591981709932781331504545365893503436059281982229551230992455079939801661045790578700046874607933790282628875072530681243101514596640779650591689613186195513236717399218712135056935541786275000370107013397625467457983011576432925029230727006844203115920359380091329056498280765047562977085048606875174577576285472284715052571000295530420512992736029757427299594991820254123519127963452407068900074799382195791921082354937875012
0
543001669390250770113296421887090297733813582761538953474997952526289772166325569992168350504768617650644622474948831802911947513758680534115614673230696835218981557546206303362537979608560577286222868790952685459988122228312144350004667505534653615354367113465622654706824679297879432492362865891182534371778914101417564387660195719837503398244615062465613531347862203996295718365275017318811988826168369648957576931251539010378827590926605901503282634011752604533
13892780425952110484026009041740589480668971735940487562675222443353890286402907047179004076551397910810071497310294932824322245426204106189899431376285352483195864786391425099280637280423754002251112003273206282548824144745598038352425116118692499857237167759315250090281155843885652479643033189414400914849611233306510819
63363608938251664155385884491544474274817573885491965372462246427097989270565177938235280637796265832596697991723966459889610203369281479164054430775424103543374248228868948619684454737795309220175289062672760062351051256849680466806538066166124682028627229711145542455927259373629572516107732080139504077191498172377499056
0
15733291526695829104097231611403884506823640612920332605462826577789133758487353552516351743262222698433937481215102252404713902309842108154965958712917696298171641212704359142669818065066219650378952549291873982579710359494303954835424334632070471431086232482907208783113104023535019516357070613494118151237516409677436551606498231989787013993419823598832867998705270170230213384780387012639118536170217725368357213151704353985681218349287223
3386489778843579115160645162469869312020458757599980903765271978557468443211241571450696276003894378803527236949645194945573192864008017598566584896683272363223699770112316968062089484131364649134865264628523846222271379273019
6316115965686418364522920437906266401681872477543465912533023223942850592819050969738926276923542353134153142679011290626723344071559039182246159323801400691138432135403062743747003186358051913309262818598413574293316725704438
9103279146777738071431789779918659049277073738745898037596573885056725020514012235061159675075705407497756186127708244
01553169103275146039737127192739350384288290992415709338047652881534282016100731856806493004826849703470193345269837117
588636719780421655465122438194862612979067074043893818852377009136759735237568695889364651277590348492279775257382418143563656832144188462515371018094066776482057077261232345163197967909881497559536288322293181860567663183413701312756122984234577034434532978339852432257667312906982052631732114614133236375717717778863799892702993772
1053065211211043808973083501279542249363507069943007806849348894295591390206188435529252313649151463490901993842040348099374591758031022222409251607741166101604855342828664122502607291708245411634070825446991943544772147641353644952381850272723421093548079200585376847758747314443175359768896751532028229358139710011962643504964532984
21231481122124724623470667469294997367948555282766908988128802387353434080341199107443100255616118642673715558131506982509900703378232915888072810091052151274404953444116163821495606132406786133479468446765319725935026881239856428544142738349064398254657167777623542813848353429327565178542649741775023431092235551764585961271339612865374744948611701292339011971494966489603716681736627447409912536307840749322492174265150413247830210352405403635166430812447183960809678940658415280206411399489611827831964490424937230763203
40128649677602818875263552874958259855195033345490544023555259106033698016559492901788123934224011508394181900024356760367572403262360019772432256599269425529734284402800687429874822212116052954535282815021921906865847105233257113765652901908856250694479268260183085498406761722078156255239787786015101223112577485524584061125895309065408333890401374493006774546891944784210076151960318782770097621937737521971026028684917786002977354928773839914430164730013341556805208156823129906794204777712024861004904713188339439225345
