20
3155922303755662013162757
46021
2933619687003886879
7222089434
814522894
170
54324625565727154
749145877427644697382877
382415378982
55881611557523081285693
95721
4599938
732718875190037883
31884674900705
73653946
64203877482
116379088478
5720303252810
55718787040347385410166181
69541188578321
137484324
6197051035
868220
4761973
91402629
45561
479498305367577029
59885113871
67353
8994137000800627502
63358276959143524651
4964629107
9498379266856
1154149146142257768
1446454615284888653972
082095974634087
8136
91516073
1103962738992
077447559200055
