145238700341139321507763239897
21186863744885158545757136486
138468891980
40697069285364927986537550019731253542058
21369987661895100423080680409504526
440310665298
23362503129044600425148213407515
4728868925049843972
665723678379766192123180
3874750676928105754077563781955743962101
851997372340475340
4134440198060
4164395179869
28714810617888880893028869259
605782109414924664142206
314550345960731392272926616657
10962546320577176739096410937408
118748101405786289171529500659143564
744574769928
85499219582737786277044560
